linha = [33, 36, 37, 42, 42, 38, 37, 33, 36, 36, 37, 41, 37, 39, 39, 39]
n = 8
[(33, 36, 37, 42, 42, 38, 37, 33), (36, 37, 42, 42, 38, 37, 33, 36), (37, 42, 42, 38, 37, 33, 36, 36), (42, 42, 38, 37, 33, 36, 36, 37), (42, 38, 37, 33, 36, 36, 37, 41), (38, 37, 33, 36, 36, 37, 41, 37), (37, 33, 36, 36, 37, 41, 37, 39), (33, 36, 36, 37, 41, 37, 39, 39), (36, 36, 37, 41, 37, 39, 39, 39)]
['F1 = ', 43, 41, 38, 36, 33, 37, 36, 38, 40]
['F2 = ', 43, 40, 38, 35, 34, 37, 36, 40, 39]
['F3 = ', 43, 39, 38, 33, 35, 36, 36, 41, 38]
===================
linha = [42, 43, 37, 36, 43, 39, 36, 38, 33, 37, 39, 37, 39, 38, 36, 33]
n = 8
[(42, 43, 37, 36, 43, 39, 36, 38), (43, 37, 36, 43, 39, 36, 38, 33), (37, 36, 43, 39, 36, 38, 33, 37), (36, 43, 39, 36, 38, 33, 37, 39), (43, 39, 36, 38, 33, 37, 39, 37), (39, 36, 38, 33, 37, 39, 37, 39), (36, 38, 33, 37, 39, 37, 39, 38), (38, 33, 37, 39, 37, 39, 38, 36), (33, 37, 39, 37, 39, 38, 36, 33)]
['F1 = ', 38, 43, 37, 37, 37, 33, 38, 38, 37]
['F2 = ', 40, 42, 36, 38, 35, 34, 39, 38, 38]
['F3 = ', 42, 41, 36, 38, 34, 36, 39, 37, 39]
===================
linha = [36, 35, 33, 35, 34, 35, 37, 35, 38, 38, 42, 45, 40, 39, 51, 63]
n = 8
[(36, 35, 33, 35, 34, 35, 37, 35), (35, 33, 35, 34, 35, 37, 35, 38), (33, 35, 34, 35, 37, 35, 38, 38), (35, 34, 35, 37, 35, 38, 38, 42), (34, 35, 37, 35, 38, 38, 42, 45), (35, 37, 35, 38, 38, 42, 45, 40), (37, 35, 38, 38, 42, 45, 40, 39), (35, 38, 38, 42, 45, 40, 39, 51), (38, 38, 42, 45, 40, 39, 51, 63)]
['F1 = ', 35, 34, 36, 37, 35, 38, 38, 43, 44]
['F2 = ', 35, 34, 37, 36, 36, 38, 39, 44, 43]
['F3 = ', 34, 34, 37, 35, 37, 38, 41, 45, 42]
===================
linha = [65, 62, 60, 55, 43, 32, 36, 34, 36, 38, 44, 44, 37, 39, 37, 35]
n = 8
[(65, 62, 60, 55, 43, 32, 36, 34), (62, 60, 55, 43, 32, 36, 34, 36), (60, 55, 43, 32, 36, 34, 36, 38), (55, 43, 32, 36, 34, 36, 38, 44), (43, 32, 36, 34, 36, 38, 44, 44), (32, 36, 34, 36, 38, 44, 44, 37), (36, 34, 36, 38, 44, 44, 37, 39), (34, 36, 38, 44, 44, 37, 39, 37), (36, 38, 44, 44, 37, 39, 37, 35)]
['F1 = ', 53, 39, 32, 36, 34, 36, 39, 45, 42]
['F2 = ', 50, 36, 33, 36, 34, 37, 41, 46, 40]
['F3 = ', 47, 33, 35, 35, 35, 37, 43, 45, 38]
===================
linha = [38, 34, 33, 31, 32, 35, 34, 33, 32, 36, 41, 54, 70, 67, 50, 41]
n = 8
[(38, 34, 33, 31, 32, 35, 34, 33), (34, 33, 31, 32, 35, 34, 33, 32), (33, 31, 32, 35, 34, 33, 32, 36), (31, 32, 35, 34, 33, 32, 36, 41), (32, 35, 34, 33, 32, 36, 41, 54), (35, 34, 33, 32, 36, 41, 54, 70), (34, 33, 32, 36, 41, 54, 70, 67), (33, 32, 36, 41, 54, 70, 67, 50), (32, 36, 41, 54, 70, 67, 50, 41)]
['F1 = ', 31, 33, 35, 34, 33, 33, 37, 43, 58]
['F2 = ', 31, 34, 35, 33, 32, 34, 38, 46, 63]
['F3 = ', 31, 35, 34, 33, 32, 35, 40, 50, 67]
===================
linha = [42, 42, 42, 38, 38, 42, 39, 38, 40, 42, 52, 75, 86, 61, 41, 38]
n = 8
[(42, 42, 42, 38, 38, 42, 39, 38), (42, 42, 38, 38, 42, 39, 38, 40), (42, 38, 38, 42, 39, 38, 40, 42), (38, 38, 42, 39, 38, 40, 42, 52), (38, 42, 39, 38, 40, 42, 52, 75), (42, 39, 38, 40, 42, 52, 75, 86), (39, 38, 40, 42, 52, 75, 86, 61), (38, 40, 42, 52, 75, 86, 61, 41), (40, 42, 52, 75, 86, 61, 41, 38)]
['F1 = ', 37, 39, 42, 38, 39, 40, 43, 57, 81]
['F2 = ', 37, 40, 41, 38, 39, 41, 45, 62, 85]
['F3 = ', 37, 42, 40, 38, 39, 42, 48, 69, 87]
===================
linha = [38, 40, 43, 62, 75, 81, 75, 73, 96, 173, 232, 224, 139, 149, 80, 43]
n = 8
[(38, 40, 43, 62, 75, 81, 75, 73), (40, 43, 62, 75, 81, 75, 73, 96), (43, 62, 75, 81, 75, 73, 96, 173), (62, 75, 81, 75, 73, 96, 173, 232), (75, 81, 75, 73, 96, 173, 232, 224), (81, 75, 73, 96, 173, 232, 224, 139), (75, 73, 96, 173, 232, 224, 139, 149), (73, 96, 173, 232, 224, 139, 149, 80), (96, 173, 232, 224, 139, 149, 80, 43)]
['F1 = ', 66, 77, 81, 74, 74, 110, 191, 239, 203]
['F2 = ', 70, 79, 79, 73, 78, 131, 208, 244, 175]
['F3 = ', 73, 81, 76, 73, 86, 153, 221, 239, 151]
===================
linha = [73, 18, 60, 23, 49, 45, 64, 93, 172, 233, 149, 67, 91, 45, 57, 75]
n = 8
[(73, 18, 60, 23, 49, 45, 64, 93), (18, 60, 23, 49, 45, 64, 93, 172), (60, 23, 49, 45, 64, 93, 172, 233), (23, 49, 45, 64, 93, 172, 233, 149), (49, 45, 64, 93, 172, 233, 149, 67), (45, 64, 93, 172, 233, 149, 67, 91), (64, 93, 172, 233, 149, 67, 91, 45), (93, 172, 233, 149, 67, 91, 45, 57), (172, 233, 149, 67, 91, 45, 57, 75)]
['F1 = ', 22, 53, 46, 69, 106, 196, 225, 119, 71]
['F2 = ', 29, 50, 51, 76, 125, 218, 207, 91, 80]
['F3 = ', 42, 46, 59, 84, 148, 230, 179, 72, 88]
===================
linha = [95, 90, 51, 55, 40, 44, 42, 44, 46, 41, 39, 34, 38, 43, 42, 41]
n = 8
[(95, 90, 51, 55, 40, 44, 42, 44), (90, 51, 55, 40, 44, 42, 44, 46), (51, 55, 40, 44, 42, 44, 46, 41), (55, 40, 44, 42, 44, 46, 41, 39), (40, 44, 42, 44, 46, 41, 39, 34), (44, 42, 44, 46, 41, 39, 34, 38), (42, 44, 46, 41, 39, 34, 38, 43), (44, 46, 41, 39, 34, 38, 43, 42), (46, 41, 39, 34, 38, 43, 42, 41)]
['F1 = ', 54, 39, 45, 42, 45, 45, 40, 38, 34]
['F2 = ', 49, 40, 44, 42, 46, 44, 40, 36, 35]
['F3 = ', 43, 42, 43, 43, 46, 42, 40, 35, 36]
===================
linha = [42, 45, 45, 41, 47, 45, 41, 39, 39, 39, 42, 45, 47, 44, 39, 37]
n = 8
[(42, 45, 45, 41, 47, 45, 41, 39), (45, 45, 41, 47, 45, 41, 39, 39), (45, 41, 47, 45, 41, 39, 39, 39), (41, 47, 45, 41, 39, 39, 39, 42), (47, 45, 41, 39, 39, 39, 42, 45), (45, 41, 39, 39, 39, 42, 45, 47), (41, 39, 39, 39, 42, 45, 47, 44), (39, 39, 39, 42, 45, 47, 44, 39), (39, 39, 42, 45, 47, 44, 39, 37)]
['F1 = ', 42, 48, 44, 40, 39, 39, 39, 43, 46]
['F2 = ', 44, 47, 43, 40, 39, 39, 40, 44, 46]
['F3 = ', 46, 46, 42, 39, 39, 39, 41, 44, 47]
===================
linha = [42, 58, 88, 156, 207, 194, 143, 88, 98, 49, 74, 62, 62, 96, 88, 85]
n = 8
[(42, 58, 88, 156, 207, 194, 143, 88), (58, 88, 156, 207, 194, 143, 88, 98), (88, 156, 207, 194, 143, 88, 98, 49), (156, 207, 194, 143, 88, 98, 49, 74), (207, 194, 143, 88, 98, 49, 74, 62), (194, 143, 88, 98, 49, 74, 62, 62), (143, 88, 98, 49, 74, 62, 62, 96), (88, 98, 49, 74, 62, 62, 96, 88), (98, 49, 74, 62, 62, 96, 88, 85)]
['F1 = ', 173, 210, 184, 126, 90, 89, 48, 77, 57]
['F2 = ', 189, 208, 174, 107, 96, 73, 55, 75, 54]
['F3 = ', 200, 202, 159, 92, 100, 57, 66, 68, 57]
===================
linha = [77, 97, 154, 198, 119, 64, 84, 43, 58, 50, 48, 58, 57, 54, 40, 44]
n = 8
[(77, 97, 154, 198, 119, 64, 84, 43), (97, 154, 198, 119, 64, 84, 43, 58), (154, 198, 119, 64, 84, 43, 58, 50), (198, 119, 64, 84, 43, 58, 50, 48), (119, 64, 84, 43, 58, 50, 48, 58), (64, 84, 43, 58, 50, 48, 58, 57), (84, 43, 58, 50, 48, 58, 57, 54), (43, 58, 50, 48, 58, 57, 54, 40), (58, 50, 48, 58, 57, 54, 40, 44)]
['F1 = ', 188, 96, 69, 78, 40, 61, 47, 50, 59]
['F2 = ', 170, 76, 77, 65, 44, 59, 45, 54, 58]
['F3 = ', 145, 65, 83, 51, 53, 54, 47, 56, 57]
===================
linha = [43, 45, 47, 44, 47, 57, 64, 63, 54, 50, 52, 52, 60, 62, 60, 62]
n = 8
[(43, 45, 47, 44, 47, 57, 64, 63), (45, 47, 44, 47, 57, 64, 63, 54), (47, 44, 47, 57, 64, 63, 54, 50), (44, 47, 57, 64, 63, 54, 50, 52), (47, 57, 64, 63, 54, 50, 52, 52), (57, 64, 63, 54, 50, 52, 52, 60), (64, 63, 54, 50, 52, 52, 60, 62), (63, 54, 50, 52, 52, 60, 62, 60), (54, 50, 52, 52, 60, 62, 60, 62)]
['F1 = ', 44, 49, 59, 65, 61, 52, 51, 52, 53]
['F2 = ', 44, 52, 61, 65, 59, 51, 51, 51, 55]
['F3 = ', 45, 55, 63, 64, 56, 50, 52, 51, 58]
===================
linha = [54, 46, 42, 41, 46, 46, 42, 46, 38, 37, 41, 37, 41, 39, 37, 43]
n = 8
[(54, 46, 42, 41, 46, 46, 42, 46), (46, 42, 41, 46, 46, 42, 46, 38), (42, 41, 46, 46, 42, 46, 38, 37), (41, 46, 46, 42, 46, 38, 37, 41), (46, 46, 42, 46, 38, 37, 41, 37), (46, 42, 46, 38, 37, 41, 37, 41), (42, 46, 38, 37, 41, 37, 41, 39), (46, 38, 37, 41, 37, 41, 39, 37), (38, 37, 41, 37, 41, 39, 37, 43)]
['F1 = ', 42, 47, 45, 43, 45, 36, 38, 40, 37]
['F2 = ', 43, 47, 43, 44, 43, 36, 40, 39, 38]
['F3 = ', 45, 47, 42, 46, 40, 36, 41, 38, 40]
===================
linha = [39, 41, 45, 38, 37, 42, 38, 38, 36, 36, 37, 33, 35, 38, 39, 37]
n = 8
[(39, 41, 45, 38, 37, 42, 38, 38), (41, 45, 38, 37, 42, 38, 38, 36), (45, 38, 37, 42, 38, 38, 36, 36), (38, 37, 42, 38, 38, 36, 36, 37), (37, 42, 38, 38, 36, 36, 37, 33), (42, 38, 38, 36, 36, 37, 33, 35), (38, 38, 36, 36, 37, 33, 35, 38), (38, 36, 36, 37, 33, 35, 38, 39), (36, 36, 37, 33, 35, 38, 39, 37)]
['F1 = ', 37, 39, 42, 37, 38, 36, 37, 36, 33]
['F2 = ', 36, 40, 40, 37, 37, 35, 37, 35, 33]
['F3 = ', 36, 42, 39, 38, 37, 36, 37, 34, 34]
===================
linha = [35, 35, 33, 31, 35, 36, 34, 37, 35, 35, 36, 36, 34, 36, 35, 34]
n = 8
[(35, 35, 33, 31, 35, 36, 34, 37), (35, 33, 31, 35, 36, 34, 37, 35), (33, 31, 35, 36, 34, 37, 35, 35), (31, 35, 36, 34, 37, 35, 35, 36), (35, 36, 34, 37, 35, 35, 36, 36), (36, 34, 37, 35, 35, 36, 36, 34), (34, 37, 35, 35, 36, 36, 34, 36), (37, 35, 35, 36, 36, 34, 36, 35), (35, 35, 36, 36, 34, 36, 35, 34)]
['F1 = ', 32, 36, 35, 35, 37, 35, 35, 36, 35]
['F2 = ', 33, 36, 34, 36, 37, 34, 36, 36, 35]
['F3 = ', 34, 36, 34, 36, 36, 35, 36, 36, 34]
===================
