linha = [33, 36, 37, 42, 42, 38, 37, 33, 36, 36, 37, 41, 37, 39, 39, 39, 42, 43, 37, 36, 43, 39, 36, 38]
n = 16
[(33, 36, 37, 42, 42, 38, 37, 33), (36, 37, 42, 42, 38, 37, 33, 36), (37, 42, 42, 38, 37, 33, 36, 36), (42, 42, 38, 37, 33, 36, 36, 37), (42, 38, 37, 33, 36, 36, 37, 41), (38, 37, 33, 36, 36, 37, 41, 37), (37, 33, 36, 36, 37, 41, 37, 39), (33, 36, 36, 37, 41, 37, 39, 39), (36, 36, 37, 41, 37, 39, 39, 39), (36, 37, 41, 37, 39, 39, 39, 42), (37, 41, 37, 39, 39, 39, 42, 43), (41, 37, 39, 39, 39, 42, 43, 37), (37, 39, 39, 39, 42, 43, 37, 36), (39, 39, 39, 42, 43, 37, 36, 43), (39, 39, 42, 43, 37, 36, 43, 39), (39, 42, 43, 37, 36, 43, 39, 36), (42, 43, 37, 36, 43, 39, 36, 38)]
['F1 = ', 43, 41, 38, 36, 33, 37, 36, 38, 40, 37, 40, 39, 39, 43, 42, 36, 38]
['F2 = ', 43, 40, 38, 35, 34, 37, 36, 40, 39, 37, 40, 39, 40, 43, 41, 35, 40]
['F3 = ', 43, 39, 38, 33, 35, 36, 36, 41, 38, 38, 39, 39, 41, 43, 39, 35, 42]
===================
linha = [33, 37, 39, 37, 39, 38, 36, 33, 36, 35, 33, 35, 34, 35, 37, 35, 38, 38, 42, 45, 40, 39, 51, 63]
n = 16
[(33, 37, 39, 37, 39, 38, 36, 33), (37, 39, 37, 39, 38, 36, 33, 36), (39, 37, 39, 38, 36, 33, 36, 35), (37, 39, 38, 36, 33, 36, 35, 33), (39, 38, 36, 33, 36, 35, 33, 35), (38, 36, 33, 36, 35, 33, 35, 34), (36, 33, 36, 35, 33, 35, 34, 35), (33, 36, 35, 33, 35, 34, 35, 37), (36, 35, 33, 35, 34, 35, 37, 35), (35, 33, 35, 34, 35, 37, 35, 38), (33, 35, 34, 35, 37, 35, 38, 38), (35, 34, 35, 37, 35, 38, 38, 42), (34, 35, 37, 35, 38, 38, 42, 45), (35, 37, 35, 38, 38, 42, 45, 40), (37, 35, 38, 38, 42, 45, 40, 39), (35, 38, 38, 42, 45, 40, 39, 51), (38, 38, 42, 45, 40, 39, 51, 63)]
['F1 = ', 37, 39, 38, 35, 33, 36, 34, 33, 35, 34, 36, 37, 35, 38, 38, 43, 44]
['F2 = ', 38, 39, 37, 34, 34, 36, 33, 34, 35, 34, 37, 36, 36, 38, 39, 44, 43]
['F3 = ', 39, 38, 37, 33, 35, 36, 33, 35, 34, 34, 37, 35, 37, 38, 41, 45, 42]
===================
linha = [65, 62, 60, 55, 43, 32, 36, 34, 36, 38, 44, 44, 37, 39, 37, 35, 38, 34, 33, 31, 32, 35, 34, 33]
n = 16
[(65, 62, 60, 55, 43, 32, 36, 34), (62, 60, 55, 43, 32, 36, 34, 36), (60, 55, 43, 32, 36, 34, 36, 38), (55, 43, 32, 36, 34, 36, 38, 44), (43, 32, 36, 34, 36, 38, 44, 44), (32, 36, 34, 36, 38, 44, 44, 37), (36, 34, 36, 38, 44, 44, 37, 39), (34, 36, 38, 44, 44, 37, 39, 37), (36, 38, 44, 44, 37, 39, 37, 35), (38, 44, 44, 37, 39, 37, 35, 38), (44, 44, 37, 39, 37, 35, 38, 34), (44, 37, 39, 37, 35, 38, 34, 33), (37, 39, 37, 35, 38, 34, 33, 31), (39, 37, 35, 38, 34, 33, 31, 32), (37, 35, 38, 34, 33, 31, 32, 35), (35, 38, 34, 33, 31, 32, 35, 34), (38, 34, 33, 31, 32, 35, 34, 33)]
['F1 = ', 53, 39, 32, 36, 34, 36, 39, 45, 42, 37, 39, 36, 36, 38, 33, 33, 31]
['F2 = ', 50, 36, 33, 36, 34, 37, 41, 46, 40, 37, 39, 35, 37, 36, 33, 32, 31]
['F3 = ', 47, 33, 35, 35, 35, 37, 43, 45, 38, 38, 38, 35, 38, 35, 33, 31, 31]
===================
linha = [32, 36, 41, 54, 70, 67, 50, 41, 42, 42, 42, 38, 38, 42, 39, 38, 40, 42, 52, 75, 86, 61, 41, 38]
n = 16
[(32, 36, 41, 54, 70, 67, 50, 41), (36, 41, 54, 70, 67, 50, 41, 42), (41, 54, 70, 67, 50, 41, 42, 42), (54, 70, 67, 50, 41, 42, 42, 42), (70, 67, 50, 41, 42, 42, 42, 38), (67, 50, 41, 42, 42, 42, 38, 38), (50, 41, 42, 42, 42, 38, 38, 42), (41, 42, 42, 42, 38, 38, 42, 39), (42, 42, 42, 38, 38, 42, 39, 38), (42, 42, 38, 38, 42, 39, 38, 40), (42, 38, 38, 42, 39, 38, 40, 42), (38, 38, 42, 39, 38, 40, 42, 52), (38, 42, 39, 38, 40, 42, 52, 75), (42, 39, 38, 40, 42, 52, 75, 86), (39, 38, 40, 42, 52, 75, 86, 61), (38, 40, 42, 52, 75, 86, 61, 41), (40, 42, 52, 75, 86, 61, 41, 38)]
['F1 = ', 58, 72, 63, 47, 41, 42, 42, 41, 37, 39, 42, 38, 39, 40, 43, 57, 81]
['F2 = ', 63, 72, 59, 44, 41, 42, 42, 40, 37, 40, 41, 38, 39, 41, 45, 62, 85]
['F3 = ', 67, 70, 54, 42, 42, 42, 42, 39, 37, 42, 40, 38, 39, 42, 48, 69, 87]
===================
linha = [38, 40, 43, 62, 75, 81, 75, 73, 96, 173, 232, 224, 139, 149, 80, 43, 73, 18, 60, 23, 49, 45, 64, 93]
n = 16
[(38, 40, 43, 62, 75, 81, 75, 73), (40, 43, 62, 75, 81, 75, 73, 96), (43, 62, 75, 81, 75, 73, 96, 173), (62, 75, 81, 75, 73, 96, 173, 232), (75, 81, 75, 73, 96, 173, 232, 224), (81, 75, 73, 96, 173, 232, 224, 139), (75, 73, 96, 173, 232, 224, 139, 149), (73, 96, 173, 232, 224, 139, 149, 80), (96, 173, 232, 224, 139, 149, 80, 43), (173, 232, 224, 139, 149, 80, 43, 73), (232, 224, 139, 149, 80, 43, 73, 18), (224, 139, 149, 80, 43, 73, 18, 60), (139, 149, 80, 43, 73, 18, 60, 23), (149, 80, 43, 73, 18, 60, 23, 49), (80, 43, 73, 18, 60, 23, 49, 45), (43, 73, 18, 60, 23, 49, 45, 64), (73, 18, 60, 23, 49, 45, 64, 93)]
['F1 = ', 66, 77, 81, 74, 74, 110, 191, 239, 203, 137, 143, 60, 53, 63, 21, 58, 22]
['F2 = ', 70, 79, 79, 73, 78, 131, 208, 244, 175, 141, 127, 44, 66, 43, 36, 46, 29]
['F3 = ', 73, 81, 76, 73, 86, 153, 221, 239, 151, 147, 102, 40, 74, 25, 53, 31, 42]
===================
linha = [172, 233, 149, 67, 91, 45, 57, 75, 95, 90, 51, 55, 40, 44, 42, 44, 46, 41, 39, 34, 38, 43, 42, 41]
n = 16
[(172, 233, 149, 67, 91, 45, 57, 75), (233, 149, 67, 91, 45, 57, 75, 95), (149, 67, 91, 45, 57, 75, 95, 90), (67, 91, 45, 57, 75, 95, 90, 51), (91, 45, 57, 75, 95, 90, 51, 55), (45, 57, 75, 95, 90, 51, 55, 40), (57, 75, 95, 90, 51, 55, 40, 44), (75, 95, 90, 51, 55, 40, 44, 42), (95, 90, 51, 55, 40, 44, 42, 44), (90, 51, 55, 40, 44, 42, 44, 46), (51, 55, 40, 44, 42, 44, 46, 41), (55, 40, 44, 42, 44, 46, 41, 39), (40, 44, 42, 44, 46, 41, 39, 34), (44, 42, 44, 46, 41, 39, 34, 38), (42, 44, 46, 41, 39, 34, 38, 43), (44, 46, 41, 39, 34, 38, 43, 42), (46, 41, 39, 34, 38, 43, 42, 41)]
['F1 = ', 71, 86, 39, 63, 79, 98, 80, 49, 54, 39, 45, 42, 45, 45, 40, 38, 34]
['F2 = ', 80, 73, 42, 68, 85, 100, 68, 51, 49, 40, 44, 42, 46, 44, 40, 36, 35]
['F3 = ', 88, 56, 50, 71, 91, 97, 57, 54, 43, 42, 43, 43, 46, 42, 40, 35, 36]
===================
linha = [42, 45, 45, 41, 47, 45, 41, 39, 39, 39, 42, 45, 47, 44, 39, 37, 42, 58, 88, 156, 207, 194, 143, 88]
n = 16
[(42, 45, 45, 41, 47, 45, 41, 39), (45, 45, 41, 47, 45, 41, 39, 39), (45, 41, 47, 45, 41, 39, 39, 39), (41, 47, 45, 41, 39, 39, 39, 42), (47, 45, 41, 39, 39, 39, 42, 45), (45, 41, 39, 39, 39, 42, 45, 47), (41, 39, 39, 39, 42, 45, 47, 44), (39, 39, 39, 42, 45, 47, 44, 39), (39, 39, 42, 45, 47, 44, 39, 37), (39, 42, 45, 47, 44, 39, 37, 42), (42, 45, 47, 44, 39, 37, 42, 58), (45, 47, 44, 39, 37, 42, 58, 88), (47, 44, 39, 37, 42, 58, 88, 156), (44, 39, 37, 42, 58, 88, 156, 207), (39, 37, 42, 58, 88, 156, 207, 194), (37, 42, 58, 88, 156, 207, 194, 143), (42, 58, 88, 156, 207, 194, 143, 88)]
['F1 = ', 42, 48, 44, 40, 39, 39, 39, 43, 46, 47, 43, 38, 37, 45, 62, 101, 173]
['F2 = ', 44, 47, 43, 40, 39, 39, 40, 44, 46, 46, 41, 37, 38, 49, 69, 119, 189]
['F3 = ', 46, 46, 42, 39, 39, 39, 41, 44, 47, 45, 40, 37, 40, 54, 78, 138, 200]
===================
linha = [98, 49, 74, 62, 62, 96, 88, 85, 77, 97, 154, 198, 119, 64, 84, 43, 58, 50, 48, 58, 57, 54, 40, 44]
n = 16
[(98, 49, 74, 62, 62, 96, 88, 85), (49, 74, 62, 62, 96, 88, 85, 77), (74, 62, 62, 96, 88, 85, 77, 97), (62, 62, 96, 88, 85, 77, 97, 154), (62, 96, 88, 85, 77, 97, 154, 198), (96, 88, 85, 77, 97, 154, 198, 119), (88, 85, 77, 97, 154, 198, 119, 64), (85, 77, 97, 154, 198, 119, 64, 84), (77, 97, 154, 198, 119, 64, 84, 43), (97, 154, 198, 119, 64, 84, 43, 58), (154, 198, 119, 64, 84, 43, 58, 50), (198, 119, 64, 84, 43, 58, 50, 48), (119, 64, 84, 43, 58, 50, 48, 58), (64, 84, 43, 58, 50, 48, 58, 57), (84, 43, 58, 50, 48, 58, 57, 54), (43, 58, 50, 48, 58, 57, 54, 40), (58, 50, 48, 58, 57, 54, 40, 44)]
['F1 = ', 57, 70, 98, 86, 84, 77, 107, 172, 188, 96, 69, 78, 40, 61, 47, 50, 59]
['F2 = ', 54, 81, 96, 85, 81, 82, 120, 189, 170, 76, 77, 65, 44, 59, 45, 54, 58]
['F3 = ', 57, 90, 91, 86, 78, 90, 136, 198, 145, 65, 83, 51, 53, 54, 47, 56, 57]
===================
linha = [43, 45, 47, 44, 47, 57, 64, 63, 54, 50, 52, 52, 60, 62, 60, 62, 54, 46, 42, 41, 46, 46, 42, 46]
n = 16
[(43, 45, 47, 44, 47, 57, 64, 63), (45, 47, 44, 47, 57, 64, 63, 54), (47, 44, 47, 57, 64, 63, 54, 50), (44, 47, 57, 64, 63, 54, 50, 52), (47, 57, 64, 63, 54, 50, 52, 52), (57, 64, 63, 54, 50, 52, 52, 60), (64, 63, 54, 50, 52, 52, 60, 62), (63, 54, 50, 52, 52, 60, 62, 60), (54, 50, 52, 52, 60, 62, 60, 62), (50, 52, 52, 60, 62, 60, 62, 54), (52, 52, 60, 62, 60, 62, 54, 46), (52, 60, 62, 60, 62, 54, 46, 42), (60, 62, 60, 62, 54, 46, 42, 41), (62, 60, 62, 54, 46, 42, 41, 46), (60, 62, 54, 46, 42, 41, 46, 46), (62, 54, 46, 42, 41, 46, 46, 42), (54, 46, 42, 41, 46, 46, 42, 46)]
['F1 = ', 44, 49, 59, 65, 61, 52, 51, 52, 53, 61, 61, 61, 61, 52, 45, 41, 42]
['F2 = ', 44, 52, 61, 65, 59, 51, 51, 51, 55, 63, 60, 61, 59, 49, 44, 41, 43]
['F3 = ', 45, 55, 63, 64, 56, 50, 52, 51, 58, 63, 60, 62, 56, 47, 43, 41, 45]
===================
linha = [38, 37, 41, 37, 41, 39, 37, 43, 39, 41, 45, 38, 37, 42, 38, 38, 36, 36, 37, 33, 35, 38, 39, 37]
n = 16
[(38, 37, 41, 37, 41, 39, 37, 43), (37, 41, 37, 41, 39, 37, 43, 39), (41, 37, 41, 39, 37, 43, 39, 41), (37, 41, 39, 37, 43, 39, 41, 45), (41, 39, 37, 43, 39, 41, 45, 38), (39, 37, 43, 39, 41, 45, 38, 37), (37, 43, 39, 41, 45, 38, 37, 42), (43, 39, 41, 45, 38, 37, 42, 38), (39, 41, 45, 38, 37, 42, 38, 38), (41, 45, 38, 37, 42, 38, 38, 36), (45, 38, 37, 42, 38, 38, 36, 36), (38, 37, 42, 38, 38, 36, 36, 37), (37, 42, 38, 38, 36, 36, 37, 33), (42, 38, 38, 36, 36, 37, 33, 35), (38, 38, 36, 36, 37, 33, 35, 38), (38, 36, 36, 37, 33, 35, 38, 39), (36, 36, 37, 33, 35, 38, 39, 37)]
['F1 = ', 37, 42, 38, 38, 43, 38, 43, 44, 37, 39, 42, 37, 38, 36, 37, 36, 33]
['F2 = ', 38, 41, 37, 40, 42, 38, 44, 42, 36, 40, 40, 37, 37, 35, 37, 35, 33]
['F3 = ', 40, 40, 36, 42, 40, 40, 45, 40, 36, 42, 39, 38, 37, 36, 37, 34, 34]
===================
linha = [35, 35, 33, 31, 35, 36, 34, 37, 35, 35, 36, 36, 34, 36, 35, 34, 35, 37, 36, 35, 39, 40, 32, 33]
n = 16
[(35, 35, 33, 31, 35, 36, 34, 37), (35, 33, 31, 35, 36, 34, 37, 35), (33, 31, 35, 36, 34, 37, 35, 35), (31, 35, 36, 34, 37, 35, 35, 36), (35, 36, 34, 37, 35, 35, 36, 36), (36, 34, 37, 35, 35, 36, 36, 34), (34, 37, 35, 35, 36, 36, 34, 36), (37, 35, 35, 36, 36, 34, 36, 35), (35, 35, 36, 36, 34, 36, 35, 34), (35, 36, 36, 34, 36, 35, 34, 35), (36, 36, 34, 36, 35, 34, 35, 37), (36, 34, 36, 35, 34, 35, 37, 36), (34, 36, 35, 34, 35, 37, 36, 35), (36, 35, 34, 35, 37, 36, 35, 39), (35, 34, 35, 37, 36, 35, 39, 40), (34, 35, 37, 36, 35, 39, 40, 32), (35, 37, 36, 35, 39, 40, 32, 33)]
['F1 = ', 32, 36, 35, 35, 37, 35, 35, 36, 35, 34, 36, 35, 34, 36, 37, 35, 36]
['F2 = ', 33, 36, 34, 36, 37, 34, 36, 36, 35, 35, 36, 34, 34, 36, 37, 35, 36]
['F3 = ', 34, 36, 34, 36, 36, 35, 36, 36, 34, 36, 35, 34, 35, 37, 37, 35, 38]
===================
linha = [36, 33, 33, 33, 34, 36, 35, 34, 34, 35, 36, 37, 34, 33, 35, 37, 36, 32, 36, 36, 34, 34, 33, 32]
n = 16
[(36, 33, 33, 33, 34, 36, 35, 34), (33, 33, 33, 34, 36, 35, 34, 34), (33, 33, 34, 36, 35, 34, 34, 35), (33, 34, 36, 35, 34, 34, 35, 36), (34, 36, 35, 34, 34, 35, 36, 37), (36, 35, 34, 34, 35, 36, 37, 34), (35, 34, 34, 35, 36, 37, 34, 33), (34, 34, 35, 36, 37, 34, 33, 35), (34, 35, 36, 37, 34, 33, 35, 37), (35, 36, 37, 34, 33, 35, 37, 36), (36, 37, 34, 33, 35, 37, 36, 32), (37, 34, 33, 35, 37, 36, 32, 36), (34, 33, 35, 37, 36, 32, 36, 36), (33, 35, 37, 36, 32, 36, 36, 34), (35, 37, 36, 32, 36, 36, 34, 34), (37, 36, 32, 36, 36, 34, 34, 33), (36, 32, 36, 36, 34, 34, 33, 32)]
['F1 = ', 33, 35, 36, 35, 34, 34, 35, 36, 37, 33, 33, 36, 37, 35, 32, 37, 35]
['F2 = ', 33, 35, 36, 34, 34, 35, 35, 37, 36, 33, 34, 36, 37, 33, 33, 37, 35]
['F3 = ', 34, 36, 35, 34, 34, 35, 36, 37, 35, 33, 34, 37, 37, 32, 35, 37, 34]
===================
linha = [34, 35, 34, 36, 35, 34, 33, 34, 37, 31, 33, 30, 28, 33, 31, 31, 32, 29, 32, 29, 29, 36, 31, 28]
n = 16
[(34, 35, 34, 36, 35, 34, 33, 34), (35, 34, 36, 35, 34, 33, 34, 37), (34, 36, 35, 34, 33, 34, 37, 31), (36, 35, 34, 33, 34, 37, 31, 33), (35, 34, 33, 34, 37, 31, 33, 30), (34, 33, 34, 37, 31, 33, 30, 28), (33, 34, 37, 31, 33, 30, 28, 33), (34, 37, 31, 33, 30, 28, 33, 31), (37, 31, 33, 30, 28, 33, 31, 31), (31, 33, 30, 28, 33, 31, 31, 32), (33, 30, 28, 33, 31, 31, 32, 29), (30, 28, 33, 31, 31, 32, 29, 32), (28, 33, 31, 31, 32, 29, 32, 29), (33, 31, 31, 32, 29, 32, 29, 29), (31, 31, 32, 29, 32, 29, 29, 36), (31, 32, 29, 32, 29, 29, 36, 31), (32, 29, 32, 29, 29, 36, 31, 28)]
['F1 = ', 36, 35, 34, 33, 35, 36, 31, 33, 29, 29, 33, 30, 32, 31, 29, 32, 28]
['F2 = ', 36, 34, 34, 33, 37, 34, 31, 33, 28, 31, 33, 30, 32, 30, 30, 31, 27]
['F3 = ', 35, 34, 33, 33, 37, 32, 32, 31, 28, 32, 32, 31, 32, 29, 31, 30, 28]
===================
linha = [32, 29, 31, 29, 28, 32, 32, 32, 32, 35, 32, 31, 34, 30, 32, 33, 29, 30, 29, 33, 34, 33, 34, 34]
n = 16
[(32, 29, 31, 29, 28, 32, 32, 32), (29, 31, 29, 28, 32, 32, 32, 32), (31, 29, 28, 32, 32, 32, 32, 35), (29, 28, 32, 32, 32, 32, 35, 32), (28, 32, 32, 32, 32, 35, 32, 31), (32, 32, 32, 32, 35, 32, 31, 34), (32, 32, 32, 35, 32, 31, 34, 30), (32, 32, 35, 32, 31, 34, 30, 32), (32, 35, 32, 31, 34, 30, 32, 33), (35, 32, 31, 34, 30, 32, 33, 29), (32, 31, 34, 30, 32, 33, 29, 30), (31, 34, 30, 32, 33, 29, 30, 29), (34, 30, 32, 33, 29, 30, 29, 33), (30, 32, 33, 29, 30, 29, 33, 34), (32, 33, 29, 30, 29, 33, 34, 33), (33, 29, 30, 29, 33, 34, 33, 34), (29, 30, 29, 33, 34, 33, 34, 34)]
['F1 = ', 28, 29, 32, 32, 32, 33, 35, 31, 32, 33, 30, 33, 32, 29, 30, 30, 34]
['F2 = ', 28, 30, 32, 32, 32, 34, 34, 30, 33, 32, 30, 34, 31, 29, 29, 31, 34]
['F3 = ', 28, 31, 32, 32, 32, 35, 33, 30, 34, 31, 31, 33, 30, 30, 29, 32, 34]
===================
linha = [35, 34, 37, 35, 31, 34, 35, 35, 34, 33, 29, 31, 30, 28, 30, 28, 28, 27, 29, 29, 28, 30, 30, 30]
n = 16
[(35, 34, 37, 35, 31, 34, 35, 35), (34, 37, 35, 31, 34, 35, 35, 34), (37, 35, 31, 34, 35, 35, 34, 33), (35, 31, 34, 35, 35, 34, 33, 29), (31, 34, 35, 35, 34, 33, 29, 31), (34, 35, 35, 34, 33, 29, 31, 30), (35, 35, 34, 33, 29, 31, 30, 28), (35, 34, 33, 29, 31, 30, 28, 30), (34, 33, 29, 31, 30, 28, 30, 28), (33, 29, 31, 30, 28, 30, 28, 28), (29, 31, 30, 28, 30, 28, 28, 27), (31, 30, 28, 30, 28, 28, 27, 29), (30, 28, 30, 28, 28, 27, 29, 29), (28, 30, 28, 28, 27, 29, 29, 28), (30, 28, 28, 27, 29, 29, 28, 30), (28, 28, 27, 29, 29, 28, 30, 30), (28, 27, 29, 29, 28, 30, 30, 30)]
['F1 = ', 34, 31, 35, 35, 35, 34, 32, 29, 31, 29, 28, 30, 28, 28, 27, 29, 29]
['F2 = ', 32, 32, 35, 35, 34, 34, 31, 30, 31, 28, 29, 29, 28, 27, 28, 30, 28]
['F3 = ', 31, 33, 35, 35, 34, 34, 30, 30, 31, 28, 30, 28, 28, 27, 28, 29, 28]
===================
linha = [29, 28, 26, 27, 32, 29, 28, 32, 31, 28, 28, 29, 28, 30, 30, 28, 29, 30, 29, 31, 29, 25, 28, 26]
n = 16
[(29, 28, 26, 27, 32, 29, 28, 32), (28, 26, 27, 32, 29, 28, 32, 31), (26, 27, 32, 29, 28, 32, 31, 28), (27, 32, 29, 28, 32, 31, 28, 28), (32, 29, 28, 32, 31, 28, 28, 29), (29, 28, 32, 31, 28, 28, 29, 28), (28, 32, 31, 28, 28, 29, 28, 30), (32, 31, 28, 28, 29, 28, 30, 30), (31, 28, 28, 29, 28, 30, 30, 28), (28, 28, 29, 28, 30, 30, 28, 29), (28, 29, 28, 30, 30, 28, 29, 30), (29, 28, 30, 30, 28, 29, 30, 29), (28, 30, 30, 28, 29, 30, 29, 31), (30, 30, 28, 29, 30, 29, 31, 29), (30, 28, 29, 30, 29, 31, 29, 25), (28, 29, 30, 29, 31, 29, 25, 28), (29, 30, 29, 31, 29, 25, 28, 26)]
['F1 = ', 28, 32, 28, 29, 32, 30, 28, 28, 29, 28, 30, 29, 28, 30, 30, 29, 31]
['F2 = ', 30, 31, 27, 30, 32, 29, 28, 29, 28, 29, 31, 29, 28, 30, 29, 30, 31]
['F3 = ', 31, 30, 28, 31, 32, 29, 28, 29, 28, 29, 30, 28, 28, 30, 29, 31, 30]
===================
linha = [33, 31, 33, 33, 30, 30, 28, 31, 32, 34, 33, 32, 34, 30, 32, 34, 45, 59, 55, 53, 59, 58, 48, 45]
n = 16
[(33, 31, 33, 33, 30, 30, 28, 31), (31, 33, 33, 30, 30, 28, 31, 32), (33, 33, 30, 30, 28, 31, 32, 34), (33, 30, 30, 28, 31, 32, 34, 33), (30, 30, 28, 31, 32, 34, 33, 32), (30, 28, 31, 32, 34, 33, 32, 34), (28, 31, 32, 34, 33, 32, 34, 30), (31, 32, 34, 33, 32, 34, 30, 32), (32, 34, 33, 32, 34, 30, 32, 34), (34, 33, 32, 34, 30, 32, 34, 45), (33, 32, 34, 30, 32, 34, 45, 59), (32, 34, 30, 32, 34, 45, 59, 55), (34, 30, 32, 34, 45, 59, 55, 53), (30, 32, 34, 45, 59, 55, 53, 59), (32, 34, 45, 59, 55, 53, 59, 58), (34, 45, 59, 55, 53, 59, 58, 48), (45, 59, 55, 53, 59, 58, 48, 45)]
['F1 = ', 32, 30, 30, 28, 31, 32, 34, 32, 33, 33, 30, 32, 35, 49, 59, 53, 54]
['F2 = ', 31, 30, 29, 29, 32, 33, 34, 32, 34, 32, 30, 33, 38, 54, 59, 52, 56]
['F3 = ', 30, 30, 28, 30, 32, 34, 34, 32, 34, 31, 31, 33, 41, 57, 57, 52, 57]
===================
linha = [48, 44, 43, 39, 36, 33, 34, 37, 49, 69, 80, 70, 57, 61, 88, 105, 84, 77, 75, 52, 60, 53, 44, 49]
n = 16
[(48, 44, 43, 39, 36, 33, 34, 37), (44, 43, 39, 36, 33, 34, 37, 49), (43, 39, 36, 33, 34, 37, 49, 69), (39, 36, 33, 34, 37, 49, 69, 80), (36, 33, 34, 37, 49, 69, 80, 70), (33, 34, 37, 49, 69, 80, 70, 57), (34, 37, 49, 69, 80, 70, 57, 61), (37, 49, 69, 80, 70, 57, 61, 88), (49, 69, 80, 70, 57, 61, 88, 105), (69, 80, 70, 57, 61, 88, 105, 84), (80, 70, 57, 61, 88, 105, 84, 77), (70, 57, 61, 88, 105, 84, 77, 75), (57, 61, 88, 105, 84, 77, 75, 52), (61, 88, 105, 84, 77, 75, 52, 60), (88, 105, 84, 77, 75, 52, 60, 53), (105, 84, 77, 75, 52, 60, 53, 44), (84, 77, 75, 52, 60, 53, 44, 49)]
['F1 = ', 38, 35, 33, 34, 39, 53, 73, 79, 66, 56, 66, 95, 102, 80, 79, 70, 51]
['F2 = ', 37, 34, 33, 35, 41, 59, 77, 77, 63, 56, 72, 102, 97, 77, 80, 62, 53]
['F3 = ', 37, 33, 34, 36, 45, 64, 79, 74, 59, 58, 80, 105, 90, 76, 78, 56, 57]
===================
linha = [40, 40, 39, 40, 42, 41, 41, 40, 38, 36, 36, 36, 33, 35, 37, 34, 33, 36, 28, 30, 32, 31, 33, 30]
n = 16
[(40, 40, 39, 40, 42, 41, 41, 40), (40, 39, 40, 42, 41, 41, 40, 38), (39, 40, 42, 41, 41, 40, 38, 36), (40, 42, 41, 41, 40, 38, 36, 36), (42, 41, 41, 40, 38, 36, 36, 36), (41, 41, 40, 38, 36, 36, 36, 33), (41, 40, 38, 36, 36, 36, 33, 35), (40, 38, 36, 36, 36, 33, 35, 37), (38, 36, 36, 36, 33, 35, 37, 34), (36, 36, 36, 33, 35, 37, 34, 33), (36, 36, 33, 35, 37, 34, 33, 36), (36, 33, 35, 37, 34, 33, 36, 28), (33, 35, 37, 34, 33, 36, 28, 30), (35, 37, 34, 33, 36, 28, 30, 32), (37, 34, 33, 36, 28, 30, 32, 31), (34, 33, 36, 28, 30, 32, 31, 33), (33, 36, 28, 30, 32, 31, 33, 30)]
['F1 = ', 41, 42, 41, 41, 40, 37, 36, 36, 35, 33, 36, 37, 33, 34, 35, 27, 31]
['F2 = ', 41, 42, 41, 41, 39, 37, 36, 37, 34, 33, 37, 36, 32, 36, 32, 28, 32]
['F3 = ', 42, 41, 41, 40, 39, 36, 36, 36, 34, 34, 37, 35, 32, 36, 30, 29, 32]
===================
linha = [29, 29, 34, 33, 30, 30, 32, 28, 26, 27, 28, 32, 30, 28, 32, 31, 33, 33, 30, 34, 33, 29, 31, 34]
n = 16
[(29, 29, 34, 33, 30, 30, 32, 28), (29, 34, 33, 30, 30, 32, 28, 26), (34, 33, 30, 30, 32, 28, 26, 27), (33, 30, 30, 32, 28, 26, 27, 28), (30, 30, 32, 28, 26, 27, 28, 32), (30, 32, 28, 26, 27, 28, 32, 30), (32, 28, 26, 27, 28, 32, 30, 28), (28, 26, 27, 28, 32, 30, 28, 32), (26, 27, 28, 32, 30, 28, 32, 31), (27, 28, 32, 30, 28, 32, 31, 33), (28, 32, 30, 28, 32, 31, 33, 33), (32, 30, 28, 32, 31, 33, 33, 30), (30, 28, 32, 31, 33, 33, 30, 34), (28, 32, 31, 33, 33, 30, 34, 33), (32, 31, 33, 33, 30, 34, 33, 29), (31, 33, 33, 30, 34, 33, 29, 31), (33, 33, 30, 34, 33, 29, 31, 34)]
['F1 = ', 32, 30, 31, 32, 27, 26, 27, 29, 32, 29, 29, 32, 31, 34, 32, 31, 35]
['F2 = ', 31, 29, 32, 30, 26, 27, 27, 30, 32, 28, 30, 32, 31, 34, 31, 32, 35]
['F3 = ', 31, 29, 32, 29, 26, 27, 27, 31, 31, 28, 31, 31, 32, 34, 30, 33, 34]
===================
linha = [28, 28, 33, 29, 26, 31, 33, 30, 28, 31, 27, 31, 30, 27, 27, 32, 30, 30, 28, 29, 26, 27, 31, 29]
n = 16
[(28, 28, 33, 29, 26, 31, 33, 30), (28, 33, 29, 26, 31, 33, 30, 28), (33, 29, 26, 31, 33, 30, 28, 31), (29, 26, 31, 33, 30, 28, 31, 27), (26, 31, 33, 30, 28, 31, 27, 31), (31, 33, 30, 28, 31, 27, 31, 30), (33, 30, 28, 31, 27, 31, 30, 27), (30, 28, 31, 27, 31, 30, 27, 27), (28, 31, 27, 31, 30, 27, 27, 32), (31, 27, 31, 30, 27, 27, 32, 30), (27, 31, 30, 27, 27, 32, 30, 30), (31, 30, 27, 27, 32, 30, 30, 28), (30, 27, 27, 32, 30, 30, 28, 29), (27, 27, 32, 30, 30, 28, 29, 26), (27, 32, 30, 30, 28, 29, 26, 27), (32, 30, 30, 28, 29, 26, 27, 31), (30, 30, 28, 29, 26, 27, 31, 29)]
['F1 = ', 27, 27, 32, 33, 29, 29, 30, 27, 32, 29, 26, 28, 32, 30, 30, 28, 29]
['F2 = ', 26, 28, 33, 32, 28, 30, 29, 28, 32, 28, 26, 30, 31, 30, 29, 29, 28]
['F3 = ', 26, 30, 33, 31, 28, 31, 28, 30, 31, 28, 26, 31, 31, 30, 28, 29, 27]
===================
linha = [31, 31, 30, 33, 34, 32, 28, 29, 30, 28, 29, 26, 29, 32, 32, 30, 29, 30, 30, 30, 29, 25, 30, 28]
n = 16
[(31, 31, 30, 33, 34, 32, 28, 29), (31, 30, 33, 34, 32, 28, 29, 30), (30, 33, 34, 32, 28, 29, 30, 28), (33, 34, 32, 28, 29, 30, 28, 29), (34, 32, 28, 29, 30, 28, 29, 26), (32, 28, 29, 30, 28, 29, 26, 29), (28, 29, 30, 28, 29, 26, 29, 32), (29, 30, 28, 29, 26, 29, 32, 32), (30, 28, 29, 26, 29, 32, 32, 30), (28, 29, 26, 29, 32, 32, 30, 29), (29, 26, 29, 32, 32, 30, 29, 30), (26, 29, 32, 32, 30, 29, 30, 30), (29, 32, 32, 30, 29, 30, 30, 30), (32, 32, 30, 29, 30, 30, 30, 29), (32, 30, 29, 30, 30, 30, 29, 25), (30, 29, 30, 30, 30, 29, 25, 30), (29, 30, 30, 30, 29, 25, 30, 28)]
['F1 = ', 34, 34, 31, 28, 30, 29, 28, 28, 26, 30, 32, 32, 30, 29, 30, 30, 30]
['F2 = ', 34, 34, 30, 28, 30, 29, 29, 28, 27, 31, 32, 31, 29, 29, 30, 30, 30]
['F3 = ', 34, 33, 29, 28, 30, 28, 29, 27, 28, 32, 32, 31, 29, 30, 30, 30, 30]
===================
linha = [31, 34, 29, 31, 31, 30, 34, 30, 31, 32, 32, 32, 28, 32, 31, 31, 30, 32, 31, 30, 33, 30, 31, 35]
n = 16
[(31, 34, 29, 31, 31, 30, 34, 30), (34, 29, 31, 31, 30, 34, 30, 31), (29, 31, 31, 30, 34, 30, 31, 32), (31, 31, 30, 34, 30, 31, 32, 32), (31, 30, 34, 30, 31, 32, 32, 32), (30, 34, 30, 31, 32, 32, 32, 28), (34, 30, 31, 32, 32, 32, 28, 32), (30, 31, 32, 32, 32, 28, 32, 31), (31, 32, 32, 32, 28, 32, 31, 31), (32, 32, 32, 28, 32, 31, 31, 30), (32, 32, 28, 32, 31, 31, 30, 32), (32, 28, 32, 31, 31, 30, 32, 31), (28, 32, 31, 31, 30, 32, 31, 30), (32, 31, 31, 30, 32, 31, 30, 33), (31, 31, 30, 32, 31, 30, 33, 30), (31, 30, 32, 31, 30, 33, 30, 31), (30, 32, 31, 30, 33, 30, 31, 35)]
['F1 = ', 32, 30, 31, 34, 30, 32, 32, 32, 31, 28, 32, 31, 31, 30, 32, 30, 31]
['F2 = ', 32, 30, 32, 32, 30, 32, 32, 33, 29, 30, 32, 31, 30, 31, 32, 30, 32]
['F3 = ', 32, 30, 34, 31, 30, 32, 32, 33, 28, 31, 31, 31, 30, 32, 32, 30, 33]
===================
linha = [32, 33, 32, 32, 33, 35, 36, 35, 35, 39, 37, 34, 36, 36, 33, 36, 36, 37, 35, 32, 33, 36, 37, 35]
n = 16
[(32, 33, 32, 32, 33, 35, 36, 35), (33, 32, 32, 33, 35, 36, 35, 35), (32, 32, 33, 35, 36, 35, 35, 39), (32, 33, 35, 36, 35, 35, 39, 37), (33, 35, 36, 35, 35, 39, 37, 34), (35, 36, 35, 35, 39, 37, 34, 36), (36, 35, 35, 39, 37, 34, 36, 36), (35, 35, 39, 37, 34, 36, 36, 33), (35, 39, 37, 34, 36, 36, 33, 36), (39, 37, 34, 36, 36, 33, 36, 36), (37, 34, 36, 36, 33, 36, 36, 37), (34, 36, 36, 33, 36, 36, 37, 35), (36, 36, 33, 36, 36, 37, 35, 32), (36, 33, 36, 36, 37, 35, 32, 33), (33, 36, 36, 37, 35, 32, 33, 36), (36, 36, 37, 35, 32, 33, 36, 37), (36, 37, 35, 32, 33, 36, 37, 35)]
['F1 = ', 32, 33, 35, 36, 35, 36, 39, 36, 34, 37, 35, 33, 36, 36, 37, 34, 32]
['F2 = ', 32, 34, 36, 36, 34, 37, 39, 35, 35, 37, 34, 34, 36, 36, 37, 33, 32]
['F3 = ', 33, 35, 36, 35, 34, 38, 38, 34, 35, 37, 33, 35, 36, 37, 36, 32, 32]
===================
