linha = [33, 36, 37, 42, 42, 38, 37, 33, 36, 36, 37, 41, 37, 39, 39, 39, 42, 43, 37, 36, 43, 39, 36, 38, 33, 37, 39, 37, 39, 38, 36, 33, 36, 35, 33, 35, 34, 35, 37, 35]
n = 32
[(33, 36, 37, 42, 42, 38, 37, 33), (36, 37, 42, 42, 38, 37, 33, 36), (37, 42, 42, 38, 37, 33, 36, 36), (42, 42, 38, 37, 33, 36, 36, 37), (42, 38, 37, 33, 36, 36, 37, 41), (38, 37, 33, 36, 36, 37, 41, 37), (37, 33, 36, 36, 37, 41, 37, 39), (33, 36, 36, 37, 41, 37, 39, 39), (36, 36, 37, 41, 37, 39, 39, 39), (36, 37, 41, 37, 39, 39, 39, 42), (37, 41, 37, 39, 39, 39, 42, 43), (41, 37, 39, 39, 39, 42, 43, 37), (37, 39, 39, 39, 42, 43, 37, 36), (39, 39, 39, 42, 43, 37, 36, 43), (39, 39, 42, 43, 37, 36, 43, 39), (39, 42, 43, 37, 36, 43, 39, 36), (42, 43, 37, 36, 43, 39, 36, 38), (43, 37, 36, 43, 39, 36, 38, 33), (37, 36, 43, 39, 36, 38, 33, 37), (36, 43, 39, 36, 38, 33, 37, 39), (43, 39, 36, 38, 33, 37, 39, 37), (39, 36, 38, 33, 37, 39, 37, 39), (36, 38, 33, 37, 39, 37, 39, 38), (38, 33, 37, 39, 37, 39, 38, 36), (33, 37, 39, 37, 39, 38, 36, 33), (37, 39, 37, 39, 38, 36, 33, 36), (39, 37, 39, 38, 36, 33, 36, 35), (37, 39, 38, 36, 33, 36, 35, 33), (39, 38, 36, 33, 36, 35, 33, 35), (38, 36, 33, 36, 35, 33, 35, 34), (36, 33, 36, 35, 33, 35, 34, 35), (33, 36, 35, 33, 35, 34, 35, 37), (36, 35, 33, 35, 34, 35, 37, 35)]
['F1 = ', 43, 41, 38, 36, 33, 37, 36, 38, 40, 37, 40, 39, 39, 43, 42, 36, 38, 43, 37, 37, 37, 33, 38, 38, 37, 39, 38, 35, 33, 36, 34, 33, 35]
['F2 = ', 43, 40, 38, 35, 34, 37, 36, 40, 39, 37, 40, 39, 40, 43, 41, 35, 40, 42, 36, 38, 35, 34, 39, 38, 38, 39, 37, 34, 34, 36, 33, 34, 35]
['F3 = ', 43, 39, 38, 33, 35, 36, 36, 41, 38, 38, 39, 39, 41, 43, 39, 35, 42, 41, 36, 38, 34, 36, 39, 37, 39, 38, 37, 33, 35, 36, 33, 35, 34]
===================
linha = [38, 38, 42, 45, 40, 39, 51, 63, 65, 62, 60, 55, 43, 32, 36, 34, 36, 38, 44, 44, 37, 39, 37, 35, 38, 34, 33, 31, 32, 35, 34, 33, 32, 36, 41, 54, 70, 67, 50, 41]
n = 32
[(38, 38, 42, 45, 40, 39, 51, 63), (38, 42, 45, 40, 39, 51, 63, 65), (42, 45, 40, 39, 51, 63, 65, 62), (45, 40, 39, 51, 63, 65, 62, 60), (40, 39, 51, 63, 65, 62, 60, 55), (39, 51, 63, 65, 62, 60, 55, 43), (51, 63, 65, 62, 60, 55, 43, 32), (63, 65, 62, 60, 55, 43, 32, 36), (65, 62, 60, 55, 43, 32, 36, 34), (62, 60, 55, 43, 32, 36, 34, 36), (60, 55, 43, 32, 36, 34, 36, 38), (55, 43, 32, 36, 34, 36, 38, 44), (43, 32, 36, 34, 36, 38, 44, 44), (32, 36, 34, 36, 38, 44, 44, 37), (36, 34, 36, 38, 44, 44, 37, 39), (34, 36, 38, 44, 44, 37, 39, 37), (36, 38, 44, 44, 37, 39, 37, 35), (38, 44, 44, 37, 39, 37, 35, 38), (44, 44, 37, 39, 37, 35, 38, 34), (44, 37, 39, 37, 35, 38, 34, 33), (37, 39, 37, 35, 38, 34, 33, 31), (39, 37, 35, 38, 34, 33, 31, 32), (37, 35, 38, 34, 33, 31, 32, 35), (35, 38, 34, 33, 31, 32, 35, 34), (38, 34, 33, 31, 32, 35, 34, 33), (34, 33, 31, 32, 35, 34, 33, 32), (33, 31, 32, 35, 34, 33, 32, 36), (31, 32, 35, 34, 33, 32, 36, 41), (32, 35, 34, 33, 32, 36, 41, 54), (35, 34, 33, 32, 36, 41, 54, 70), (34, 33, 32, 36, 41, 54, 70, 67), (33, 32, 36, 41, 54, 70, 67, 50), (32, 36, 41, 54, 70, 67, 50, 41)]
['F1 = ', 44, 39, 41, 55, 64, 64, 61, 60, 53, 39, 32, 36, 34, 36, 39, 45, 42, 37, 39, 36, 36, 38, 33, 33, 31, 33, 35, 34, 33, 33, 37, 43, 58]
['F2 = ', 43, 38, 44, 58, 65, 64, 61, 58, 50, 36, 33, 36, 34, 37, 41, 46, 40, 37, 39, 35, 37, 36, 33, 32, 31, 34, 35, 33, 32, 34, 38, 46, 63]
['F3 = ', 42, 38, 47, 61, 65, 63, 60, 57, 47, 33, 35, 35, 35, 37, 43, 45, 38, 38, 38, 35, 38, 35, 33, 31, 31, 35, 34, 33, 32, 35, 40, 50, 67]
===================
linha = [42, 42, 42, 38, 38, 42, 39, 38, 40, 42, 52, 75, 86, 61, 41, 38, 38, 40, 43, 62, 75, 81, 75, 73, 96, 173, 232, 224, 139, 149, 80, 43, 73, 18, 60, 23, 49, 45, 64, 93]
n = 32
[(42, 42, 42, 38, 38, 42, 39, 38), (42, 42, 38, 38, 42, 39, 38, 40), (42, 38, 38, 42, 39, 38, 40, 42), (38, 38, 42, 39, 38, 40, 42, 52), (38, 42, 39, 38, 40, 42, 52, 75), (42, 39, 38, 40, 42, 52, 75, 86), (39, 38, 40, 42, 52, 75, 86, 61), (38, 40, 42, 52, 75, 86, 61, 41), (40, 42, 52, 75, 86, 61, 41, 38), (42, 52, 75, 86, 61, 41, 38, 38), (52, 75, 86, 61, 41, 38, 38, 40), (75, 86, 61, 41, 38, 38, 40, 43), (86, 61, 41, 38, 38, 40, 43, 62), (61, 41, 38, 38, 40, 43, 62, 75), (41, 38, 38, 40, 43, 62, 75, 81), (38, 38, 40, 43, 62, 75, 81, 75), (38, 40, 43, 62, 75, 81, 75, 73), (40, 43, 62, 75, 81, 75, 73, 96), (43, 62, 75, 81, 75, 73, 96, 173), (62, 75, 81, 75, 73, 96, 173, 232), (75, 81, 75, 73, 96, 173, 232, 224), (81, 75, 73, 96, 173, 232, 224, 139), (75, 73, 96, 173, 232, 224, 139, 149), (73, 96, 173, 232, 224, 139, 149, 80), (96, 173, 232, 224, 139, 149, 80, 43), (173, 232, 224, 139, 149, 80, 43, 73), (232, 224, 139, 149, 80, 43, 73, 18), (224, 139, 149, 80, 43, 73, 18, 60), (139, 149, 80, 43, 73, 18, 60, 23), (149, 80, 43, 73, 18, 60, 23, 49), (80, 43, 73, 18, 60, 23, 49, 45), (43, 73, 18, 60, 23, 49, 45, 64), (73, 18, 60, 23, 49, 45, 64, 93)]
['F1 = ', 37, 39, 42, 38, 39, 40, 43, 57, 81, 82, 54, 40, 38, 38, 40, 46, 66, 77, 81, 74, 74, 110, 191, 239, 203, 137, 143, 60, 53, 63, 21, 58, 22]
['F2 = ', 37, 40, 41, 38, 39, 41, 45, 62, 85, 76, 48, 38, 38, 39, 40, 52, 70, 79, 79, 73, 78, 131, 208, 244, 175, 141, 127, 44, 66, 43, 36, 46, 29]
['F3 = ', 37, 42, 40, 38, 39, 42, 48, 69, 87, 68, 44, 38, 38, 40, 41, 57, 73, 81, 76, 73, 86, 153, 221, 239, 151, 147, 102, 40, 74, 25, 53, 31, 42]
===================
linha = [172, 233, 149, 67, 91, 45, 57, 75, 95, 90, 51, 55, 40, 44, 42, 44, 46, 41, 39, 34, 38, 43, 42, 41, 42, 45, 45, 41, 47, 45, 41, 39, 39, 39, 42, 45, 47, 44, 39, 37]
n = 32
[(172, 233, 149, 67, 91, 45, 57, 75), (233, 149, 67, 91, 45, 57, 75, 95), (149, 67, 91, 45, 57, 75, 95, 90), (67, 91, 45, 57, 75, 95, 90, 51), (91, 45, 57, 75, 95, 90, 51, 55), (45, 57, 75, 95, 90, 51, 55, 40), (57, 75, 95, 90, 51, 55, 40, 44), (75, 95, 90, 51, 55, 40, 44, 42), (95, 90, 51, 55, 40, 44, 42, 44), (90, 51, 55, 40, 44, 42, 44, 46), (51, 55, 40, 44, 42, 44, 46, 41), (55, 40, 44, 42, 44, 46, 41, 39), (40, 44, 42, 44, 46, 41, 39, 34), (44, 42, 44, 46, 41, 39, 34, 38), (42, 44, 46, 41, 39, 34, 38, 43), (44, 46, 41, 39, 34, 38, 43, 42), (46, 41, 39, 34, 38, 43, 42, 41), (41, 39, 34, 38, 43, 42, 41, 42), (39, 34, 38, 43, 42, 41, 42, 45), (34, 38, 43, 42, 41, 42, 45, 45), (38, 43, 42, 41, 42, 45, 45, 41), (43, 42, 41, 42, 45, 45, 41, 47), (42, 41, 42, 45, 45, 41, 47, 45), (41, 42, 45, 45, 41, 47, 45, 41), (42, 45, 45, 41, 47, 45, 41, 39), (45, 45, 41, 47, 45, 41, 39, 39), (45, 41, 47, 45, 41, 39, 39, 39), (41, 47, 45, 41, 39, 39, 39, 42), (47, 45, 41, 39, 39, 39, 42, 45), (45, 41, 39, 39, 39, 42, 45, 47), (41, 39, 39, 39, 42, 45, 47, 44), (39, 39, 39, 42, 45, 47, 44, 39), (39, 39, 42, 45, 47, 44, 39, 37)]
['F1 = ', 71, 86, 39, 63, 79, 98, 80, 49, 54, 39, 45, 42, 45, 45, 40, 38, 34, 40, 43, 42, 41, 43, 46, 44, 42, 48, 44, 40, 39, 39, 39, 43, 46]
['F2 = ', 80, 73, 42, 68, 85, 100, 68, 51, 49, 40, 44, 42, 46, 44, 40, 36, 35, 41, 43, 41, 41, 43, 46, 42, 44, 47, 43, 40, 39, 39, 40, 44, 46]
['F3 = ', 88, 56, 50, 71, 91, 97, 57, 54, 43, 42, 43, 43, 46, 42, 40, 35, 36, 42, 43, 41, 41, 44, 46, 41, 46, 46, 42, 39, 39, 39, 41, 44, 47]
===================
linha = [42, 58, 88, 156, 207, 194, 143, 88, 98, 49, 74, 62, 62, 96, 88, 85, 77, 97, 154, 198, 119, 64, 84, 43, 58, 50, 48, 58, 57, 54, 40, 44, 43, 45, 47, 44, 47, 57, 64, 63]
n = 32
[(42, 58, 88, 156, 207, 194, 143, 88), (58, 88, 156, 207, 194, 143, 88, 98), (88, 156, 207, 194, 143, 88, 98, 49), (156, 207, 194, 143, 88, 98, 49, 74), (207, 194, 143, 88, 98, 49, 74, 62), (194, 143, 88, 98, 49, 74, 62, 62), (143, 88, 98, 49, 74, 62, 62, 96), (88, 98, 49, 74, 62, 62, 96, 88), (98, 49, 74, 62, 62, 96, 88, 85), (49, 74, 62, 62, 96, 88, 85, 77), (74, 62, 62, 96, 88, 85, 77, 97), (62, 62, 96, 88, 85, 77, 97, 154), (62, 96, 88, 85, 77, 97, 154, 198), (96, 88, 85, 77, 97, 154, 198, 119), (88, 85, 77, 97, 154, 198, 119, 64), (85, 77, 97, 154, 198, 119, 64, 84), (77, 97, 154, 198, 119, 64, 84, 43), (97, 154, 198, 119, 64, 84, 43, 58), (154, 198, 119, 64, 84, 43, 58, 50), (198, 119, 64, 84, 43, 58, 50, 48), (119, 64, 84, 43, 58, 50, 48, 58), (64, 84, 43, 58, 50, 48, 58, 57), (84, 43, 58, 50, 48, 58, 57, 54), (43, 58, 50, 48, 58, 57, 54, 40), (58, 50, 48, 58, 57, 54, 40, 44), (50, 48, 58, 57, 54, 40, 44, 43), (48, 58, 57, 54, 40, 44, 43, 45), (58, 57, 54, 40, 44, 43, 45, 47), (57, 54, 40, 44, 43, 45, 47, 44), (54, 40, 44, 43, 45, 47, 44, 47), (40, 44, 43, 45, 47, 44, 47, 57), (44, 43, 45, 47, 44, 47, 57, 64), (43, 45, 47, 44, 47, 57, 64, 63)]
['F1 = ', 173, 210, 184, 126, 90, 89, 48, 77, 57, 70, 98, 86, 84, 77, 107, 172, 188, 96, 69, 78, 40, 61, 47, 50, 59, 57, 51, 40, 45, 43, 46, 46, 44]
['F2 = ', 189, 208, 174, 107, 96, 73, 55, 75, 54, 81, 96, 85, 81, 82, 120, 189, 170, 76, 77, 65, 44, 59, 45, 54, 58, 57, 46, 41, 45, 43, 47, 46, 44]
['F3 = ', 200, 202, 159, 92, 100, 57, 66, 68, 57, 90, 91, 86, 78, 90, 136, 198, 145, 65, 83, 51, 53, 54, 47, 56, 57, 56, 42, 43, 44, 44, 47, 45, 45]
===================
linha = [54, 50, 52, 52, 60, 62, 60, 62, 54, 46, 42, 41, 46, 46, 42, 46, 38, 37, 41, 37, 41, 39, 37, 43, 39, 41, 45, 38, 37, 42, 38, 38, 36, 36, 37, 33, 35, 38, 39, 37]
n = 32
[(54, 50, 52, 52, 60, 62, 60, 62), (50, 52, 52, 60, 62, 60, 62, 54), (52, 52, 60, 62, 60, 62, 54, 46), (52, 60, 62, 60, 62, 54, 46, 42), (60, 62, 60, 62, 54, 46, 42, 41), (62, 60, 62, 54, 46, 42, 41, 46), (60, 62, 54, 46, 42, 41, 46, 46), (62, 54, 46, 42, 41, 46, 46, 42), (54, 46, 42, 41, 46, 46, 42, 46), (46, 42, 41, 46, 46, 42, 46, 38), (42, 41, 46, 46, 42, 46, 38, 37), (41, 46, 46, 42, 46, 38, 37, 41), (46, 46, 42, 46, 38, 37, 41, 37), (46, 42, 46, 38, 37, 41, 37, 41), (42, 46, 38, 37, 41, 37, 41, 39), (46, 38, 37, 41, 37, 41, 39, 37), (38, 37, 41, 37, 41, 39, 37, 43), (37, 41, 37, 41, 39, 37, 43, 39), (41, 37, 41, 39, 37, 43, 39, 41), (37, 41, 39, 37, 43, 39, 41, 45), (41, 39, 37, 43, 39, 41, 45, 38), (39, 37, 43, 39, 41, 45, 38, 37), (37, 43, 39, 41, 45, 38, 37, 42), (43, 39, 41, 45, 38, 37, 42, 38), (39, 41, 45, 38, 37, 42, 38, 38), (41, 45, 38, 37, 42, 38, 38, 36), (45, 38, 37, 42, 38, 38, 36, 36), (38, 37, 42, 38, 38, 36, 36, 37), (37, 42, 38, 38, 36, 36, 37, 33), (42, 38, 38, 36, 36, 37, 33, 35), (38, 38, 36, 36, 37, 33, 35, 38), (38, 36, 36, 37, 33, 35, 38, 39), (36, 36, 37, 33, 35, 38, 39, 37)]
['F1 = ', 53, 61, 61, 61, 61, 52, 45, 41, 42, 47, 45, 43, 45, 36, 38, 40, 37, 42, 38, 38, 43, 38, 43, 44, 37, 39, 42, 37, 38, 36, 37, 36, 33]
['F2 = ', 55, 63, 60, 61, 59, 49, 44, 41, 43, 47, 43, 44, 43, 36, 40, 39, 38, 41, 37, 40, 42, 38, 44, 42, 36, 40, 40, 37, 37, 35, 37, 35, 33]
['F3 = ', 58, 63, 60, 62, 56, 47, 43, 41, 45, 47, 42, 46, 40, 36, 41, 38, 40, 40, 36, 42, 40, 40, 45, 40, 36, 42, 39, 38, 37, 36, 37, 34, 34]
===================
linha = [35, 35, 33, 31, 35, 36, 34, 37, 35, 35, 36, 36, 34, 36, 35, 34, 35, 37, 36, 35, 39, 40, 32, 33, 36, 33, 33, 33, 34, 36, 35, 34, 34, 35, 36, 37, 34, 33, 35, 37]
n = 32
[(35, 35, 33, 31, 35, 36, 34, 37), (35, 33, 31, 35, 36, 34, 37, 35), (33, 31, 35, 36, 34, 37, 35, 35), (31, 35, 36, 34, 37, 35, 35, 36), (35, 36, 34, 37, 35, 35, 36, 36), (36, 34, 37, 35, 35, 36, 36, 34), (34, 37, 35, 35, 36, 36, 34, 36), (37, 35, 35, 36, 36, 34, 36, 35), (35, 35, 36, 36, 34, 36, 35, 34), (35, 36, 36, 34, 36, 35, 34, 35), (36, 36, 34, 36, 35, 34, 35, 37), (36, 34, 36, 35, 34, 35, 37, 36), (34, 36, 35, 34, 35, 37, 36, 35), (36, 35, 34, 35, 37, 36, 35, 39), (35, 34, 35, 37, 36, 35, 39, 40), (34, 35, 37, 36, 35, 39, 40, 32), (35, 37, 36, 35, 39, 40, 32, 33), (37, 36, 35, 39, 40, 32, 33, 36), (36, 35, 39, 40, 32, 33, 36, 33), (35, 39, 40, 32, 33, 36, 33, 33), (39, 40, 32, 33, 36, 33, 33, 33), (40, 32, 33, 36, 33, 33, 33, 34), (32, 33, 36, 33, 33, 33, 34, 36), (33, 36, 33, 33, 33, 34, 36, 35), (36, 33, 33, 33, 34, 36, 35, 34), (33, 33, 33, 34, 36, 35, 34, 34), (33, 33, 34, 36, 35, 34, 34, 35), (33, 34, 36, 35, 34, 34, 35, 36), (34, 36, 35, 34, 34, 35, 36, 37), (36, 35, 34, 34, 35, 36, 37, 34), (35, 34, 34, 35, 36, 37, 34, 33), (34, 34, 35, 36, 37, 34, 33, 35), (34, 35, 36, 37, 34, 33, 35, 37)]
['F1 = ', 32, 36, 35, 35, 37, 35, 35, 36, 35, 34, 36, 35, 34, 36, 37, 35, 36, 40, 38, 31, 34, 36, 33, 33, 33, 35, 36, 35, 34, 34, 35, 36, 37]
['F2 = ', 33, 36, 34, 36, 37, 34, 36, 36, 35, 35, 36, 34, 34, 36, 37, 35, 36, 41, 36, 31, 35, 35, 33, 33, 33, 35, 36, 34, 34, 35, 35, 37, 36]
['F3 = ', 34, 36, 34, 36, 36, 35, 36, 36, 34, 36, 35, 34, 35, 37, 37, 35, 38, 41, 34, 32, 36, 34, 33, 33, 34, 36, 35, 34, 34, 35, 36, 37, 35]
===================
linha = [36, 32, 36, 36, 34, 34, 33, 32, 34, 35, 34, 36, 35, 34, 33, 34, 37, 31, 33, 30, 28, 33, 31, 31, 32, 29, 32, 29, 29, 36, 31, 28, 32, 29, 31, 29, 28, 32, 32, 32]
n = 32
[(36, 32, 36, 36, 34, 34, 33, 32), (32, 36, 36, 34, 34, 33, 32, 34), (36, 36, 34, 34, 33, 32, 34, 35), (36, 34, 34, 33, 32, 34, 35, 34), (34, 34, 33, 32, 34, 35, 34, 36), (34, 33, 32, 34, 35, 34, 36, 35), (33, 32, 34, 35, 34, 36, 35, 34), (32, 34, 35, 34, 36, 35, 34, 33), (34, 35, 34, 36, 35, 34, 33, 34), (35, 34, 36, 35, 34, 33, 34, 37), (34, 36, 35, 34, 33, 34, 37, 31), (36, 35, 34, 33, 34, 37, 31, 33), (35, 34, 33, 34, 37, 31, 33, 30), (34, 33, 34, 37, 31, 33, 30, 28), (33, 34, 37, 31, 33, 30, 28, 33), (34, 37, 31, 33, 30, 28, 33, 31), (37, 31, 33, 30, 28, 33, 31, 31), (31, 33, 30, 28, 33, 31, 31, 32), (33, 30, 28, 33, 31, 31, 32, 29), (30, 28, 33, 31, 31, 32, 29, 32), (28, 33, 31, 31, 32, 29, 32, 29), (33, 31, 31, 32, 29, 32, 29, 29), (31, 31, 32, 29, 32, 29, 29, 36), (31, 32, 29, 32, 29, 29, 36, 31), (32, 29, 32, 29, 29, 36, 31, 28), (29, 32, 29, 29, 36, 31, 28, 32), (32, 29, 29, 36, 31, 28, 32, 29), (29, 29, 36, 31, 28, 32, 29, 31), (29, 36, 31, 28, 32, 29, 31, 29), (36, 31, 28, 32, 29, 31, 29, 28), (31, 28, 32, 29, 31, 29, 28, 32), (28, 32, 29, 31, 29, 28, 32, 32), (32, 29, 31, 29, 28, 32, 32, 32)]
['F1 = ', 35, 34, 34, 33, 32, 35, 35, 34, 36, 35, 34, 33, 35, 36, 31, 33, 29, 29, 33, 30, 32, 31, 29, 32, 28, 31, 36, 29, 29, 32, 29, 31, 28]
['F2 = ', 35, 34, 34, 32, 33, 35, 34, 35, 36, 34, 34, 33, 37, 34, 31, 33, 28, 31, 33, 30, 32, 30, 30, 31, 27, 33, 35, 28, 30, 31, 30, 31, 28]
['F3 = ', 34, 34, 33, 32, 33, 35, 34, 36, 35, 34, 33, 33, 37, 32, 32, 31, 28, 32, 32, 31, 32, 29, 31, 30, 28, 35, 33, 28, 32, 30, 30, 30, 28]
===================
linha = [32, 35, 32, 31, 34, 30, 32, 33, 29, 30, 29, 33, 34, 33, 34, 34, 35, 34, 37, 35, 31, 34, 35, 35, 34, 33, 29, 31, 30, 28, 30, 28, 28, 27, 29, 29, 28, 30, 30, 30]
n = 32
[(32, 35, 32, 31, 34, 30, 32, 33), (35, 32, 31, 34, 30, 32, 33, 29), (32, 31, 34, 30, 32, 33, 29, 30), (31, 34, 30, 32, 33, 29, 30, 29), (34, 30, 32, 33, 29, 30, 29, 33), (30, 32, 33, 29, 30, 29, 33, 34), (32, 33, 29, 30, 29, 33, 34, 33), (33, 29, 30, 29, 33, 34, 33, 34), (29, 30, 29, 33, 34, 33, 34, 34), (30, 29, 33, 34, 33, 34, 34, 35), (29, 33, 34, 33, 34, 34, 35, 34), (33, 34, 33, 34, 34, 35, 34, 37), (34, 33, 34, 34, 35, 34, 37, 35), (33, 34, 34, 35, 34, 37, 35, 31), (34, 34, 35, 34, 37, 35, 31, 34), (34, 35, 34, 37, 35, 31, 34, 35), (35, 34, 37, 35, 31, 34, 35, 35), (34, 37, 35, 31, 34, 35, 35, 34), (37, 35, 31, 34, 35, 35, 34, 33), (35, 31, 34, 35, 35, 34, 33, 29), (31, 34, 35, 35, 34, 33, 29, 31), (34, 35, 35, 34, 33, 29, 31, 30), (35, 35, 34, 33, 29, 31, 30, 28), (35, 34, 33, 29, 31, 30, 28, 30), (34, 33, 29, 31, 30, 28, 30, 28), (33, 29, 31, 30, 28, 30, 28, 28), (29, 31, 30, 28, 30, 28, 28, 27), (31, 30, 28, 30, 28, 28, 27, 29), (30, 28, 30, 28, 28, 27, 29, 29), (28, 30, 28, 28, 27, 29, 29, 28), (30, 28, 28, 27, 29, 29, 28, 30), (28, 28, 27, 29, 29, 28, 30, 30), (28, 27, 29, 29, 28, 30, 30, 30)]
['F1 = ', 32, 33, 30, 33, 32, 29, 30, 30, 34, 34, 33, 34, 34, 35, 35, 37, 34, 31, 35, 35, 35, 34, 32, 29, 31, 29, 28, 30, 28, 28, 27, 29, 29]
['F2 = ', 33, 32, 30, 34, 31, 29, 29, 31, 34, 33, 33, 34, 35, 34, 35, 37, 32, 32, 35, 35, 34, 34, 31, 30, 31, 28, 29, 29, 28, 27, 28, 30, 28]
['F3 = ', 34, 31, 31, 33, 30, 30, 29, 32, 34, 33, 34, 34, 35, 34, 36, 36, 31, 33, 35, 35, 34, 34, 30, 30, 31, 28, 30, 28, 28, 27, 28, 29, 28]
===================
linha = [29, 28, 26, 27, 32, 29, 28, 32, 31, 28, 28, 29, 28, 30, 30, 28, 29, 30, 29, 31, 29, 25, 28, 26, 33, 31, 33, 33, 30, 30, 28, 31, 32, 34, 33, 32, 34, 30, 32, 34]
n = 32
[(29, 28, 26, 27, 32, 29, 28, 32), (28, 26, 27, 32, 29, 28, 32, 31), (26, 27, 32, 29, 28, 32, 31, 28), (27, 32, 29, 28, 32, 31, 28, 28), (32, 29, 28, 32, 31, 28, 28, 29), (29, 28, 32, 31, 28, 28, 29, 28), (28, 32, 31, 28, 28, 29, 28, 30), (32, 31, 28, 28, 29, 28, 30, 30), (31, 28, 28, 29, 28, 30, 30, 28), (28, 28, 29, 28, 30, 30, 28, 29), (28, 29, 28, 30, 30, 28, 29, 30), (29, 28, 30, 30, 28, 29, 30, 29), (28, 30, 30, 28, 29, 30, 29, 31), (30, 30, 28, 29, 30, 29, 31, 29), (30, 28, 29, 30, 29, 31, 29, 25), (28, 29, 30, 29, 31, 29, 25, 28), (29, 30, 29, 31, 29, 25, 28, 26), (30, 29, 31, 29, 25, 28, 26, 33), (29, 31, 29, 25, 28, 26, 33, 31), (31, 29, 25, 28, 26, 33, 31, 33), (29, 25, 28, 26, 33, 31, 33, 33), (25, 28, 26, 33, 31, 33, 33, 30), (28, 26, 33, 31, 33, 33, 30, 30), (26, 33, 31, 33, 33, 30, 30, 28), (33, 31, 33, 33, 30, 30, 28, 31), (31, 33, 33, 30, 30, 28, 31, 32), (33, 33, 30, 30, 28, 31, 32, 34), (33, 30, 30, 28, 31, 32, 34, 33), (30, 30, 28, 31, 32, 34, 33, 32), (30, 28, 31, 32, 34, 33, 32, 34), (28, 31, 32, 34, 33, 32, 34, 30), (31, 32, 34, 33, 32, 34, 30, 32), (32, 34, 33, 32, 34, 30, 32, 34)]
['F1 = ', 28, 32, 28, 29, 32, 30, 28, 28, 29, 28, 30, 29, 28, 30, 30, 29, 31, 28, 26, 28, 27, 33, 31, 34, 32, 30, 30, 28, 31, 32, 34, 32, 33]
['F2 = ', 30, 31, 27, 30, 32, 29, 28, 29, 28, 29, 31, 29, 28, 30, 29, 30, 31, 26, 27, 27, 29, 33, 31, 34, 31, 30, 29, 29, 32, 33, 34, 32, 34]
['F3 = ', 31, 30, 28, 31, 32, 29, 28, 29, 28, 29, 30, 28, 28, 30, 29, 31, 30, 25, 28, 26, 32, 32, 32, 34, 30, 30, 28, 30, 32, 34, 34, 32, 34]
===================
linha = [45, 59, 55, 53, 59, 58, 48, 45, 48, 44, 43, 39, 36, 33, 34, 37, 49, 69, 80, 70, 57, 61, 88, 105, 84, 77, 75, 52, 60, 53, 44, 49, 40, 40, 39, 40, 42, 41, 41, 40]
n = 32
[(45, 59, 55, 53, 59, 58, 48, 45), (59, 55, 53, 59, 58, 48, 45, 48), (55, 53, 59, 58, 48, 45, 48, 44), (53, 59, 58, 48, 45, 48, 44, 43), (59, 58, 48, 45, 48, 44, 43, 39), (58, 48, 45, 48, 44, 43, 39, 36), (48, 45, 48, 44, 43, 39, 36, 33), (45, 48, 44, 43, 39, 36, 33, 34), (48, 44, 43, 39, 36, 33, 34, 37), (44, 43, 39, 36, 33, 34, 37, 49), (43, 39, 36, 33, 34, 37, 49, 69), (39, 36, 33, 34, 37, 49, 69, 80), (36, 33, 34, 37, 49, 69, 80, 70), (33, 34, 37, 49, 69, 80, 70, 57), (34, 37, 49, 69, 80, 70, 57, 61), (37, 49, 69, 80, 70, 57, 61, 88), (49, 69, 80, 70, 57, 61, 88, 105), (69, 80, 70, 57, 61, 88, 105, 84), (80, 70, 57, 61, 88, 105, 84, 77), (70, 57, 61, 88, 105, 84, 77, 75), (57, 61, 88, 105, 84, 77, 75, 52), (61, 88, 105, 84, 77, 75, 52, 60), (88, 105, 84, 77, 75, 52, 60, 53), (105, 84, 77, 75, 52, 60, 53, 44), (84, 77, 75, 52, 60, 53, 44, 49), (77, 75, 52, 60, 53, 44, 49, 40), (75, 52, 60, 53, 44, 49, 40, 40), (52, 60, 53, 44, 49, 40, 40, 39), (60, 53, 44, 49, 40, 40, 39, 40), (53, 44, 49, 40, 40, 39, 40, 42), (44, 49, 40, 40, 39, 40, 42, 41), (49, 40, 40, 39, 40, 42, 41, 41), (40, 40, 39, 40, 42, 41, 41, 40)]
['F1 = ', 54, 60, 56, 46, 46, 48, 43, 42, 38, 35, 33, 34, 39, 53, 73, 79, 66, 56, 66, 95, 102, 80, 79, 70, 51, 61, 49, 45, 48, 39, 40, 39, 41]
['F2 = ', 56, 60, 53, 45, 47, 46, 43, 41, 37, 34, 33, 35, 41, 59, 77, 77, 63, 56, 72, 102, 97, 77, 80, 62, 53, 60, 46, 47, 45, 39, 40, 39, 41]
['F3 = ', 57, 60, 50, 45, 48, 45, 43, 40, 37, 33, 34, 36, 45, 64, 79, 74, 59, 58, 80, 105, 90, 76, 78, 56, 57, 57, 44, 49, 42, 39, 39, 39, 42]
===================
linha = [38, 36, 36, 36, 33, 35, 37, 34, 33, 36, 28, 30, 32, 31, 33, 30, 29, 29, 34, 33, 30, 30, 32, 28, 26, 27, 28, 32, 30, 28, 32, 31, 33, 33, 30, 34, 33, 29, 31, 34]
n = 32
[(38, 36, 36, 36, 33, 35, 37, 34), (36, 36, 36, 33, 35, 37, 34, 33), (36, 36, 33, 35, 37, 34, 33, 36), (36, 33, 35, 37, 34, 33, 36, 28), (33, 35, 37, 34, 33, 36, 28, 30), (35, 37, 34, 33, 36, 28, 30, 32), (37, 34, 33, 36, 28, 30, 32, 31), (34, 33, 36, 28, 30, 32, 31, 33), (33, 36, 28, 30, 32, 31, 33, 30), (36, 28, 30, 32, 31, 33, 30, 29), (28, 30, 32, 31, 33, 30, 29, 29), (30, 32, 31, 33, 30, 29, 29, 34), (32, 31, 33, 30, 29, 29, 34, 33), (31, 33, 30, 29, 29, 34, 33, 30), (33, 30, 29, 29, 34, 33, 30, 30), (30, 29, 29, 34, 33, 30, 30, 32), (29, 29, 34, 33, 30, 30, 32, 28), (29, 34, 33, 30, 30, 32, 28, 26), (34, 33, 30, 30, 32, 28, 26, 27), (33, 30, 30, 32, 28, 26, 27, 28), (30, 30, 32, 28, 26, 27, 28, 32), (30, 32, 28, 26, 27, 28, 32, 30), (32, 28, 26, 27, 28, 32, 30, 28), (28, 26, 27, 28, 32, 30, 28, 32), (26, 27, 28, 32, 30, 28, 32, 31), (27, 28, 32, 30, 28, 32, 31, 33), (28, 32, 30, 28, 32, 31, 33, 33), (32, 30, 28, 32, 31, 33, 33, 30), (30, 28, 32, 31, 33, 33, 30, 34), (28, 32, 31, 33, 33, 30, 34, 33), (32, 31, 33, 33, 30, 34, 33, 29), (31, 33, 33, 30, 34, 33, 29, 31), (33, 33, 30, 34, 33, 29, 31, 34)]
['F1 = ', 35, 33, 36, 37, 33, 34, 35, 27, 31, 32, 31, 33, 29, 29, 30, 35, 32, 30, 31, 32, 27, 26, 27, 29, 32, 29, 29, 32, 31, 34, 32, 31, 35]
['F2 = ', 34, 33, 37, 36, 32, 36, 32, 28, 32, 31, 32, 32, 29, 28, 31, 34, 31, 29, 32, 30, 26, 27, 27, 30, 32, 28, 30, 32, 31, 34, 31, 32, 35]
['F3 = ', 34, 34, 37, 35, 32, 36, 30, 29, 32, 31, 33, 31, 29, 28, 33, 34, 31, 29, 32, 29, 26, 27, 27, 31, 31, 28, 31, 31, 32, 34, 30, 33, 34]
===================
linha = [28, 28, 33, 29, 26, 31, 33, 30, 28, 31, 27, 31, 30, 27, 27, 32, 30, 30, 28, 29, 26, 27, 31, 29, 31, 31, 30, 33, 34, 32, 28, 29, 30, 28, 29, 26, 29, 32, 32, 30]
n = 32
[(28, 28, 33, 29, 26, 31, 33, 30), (28, 33, 29, 26, 31, 33, 30, 28), (33, 29, 26, 31, 33, 30, 28, 31), (29, 26, 31, 33, 30, 28, 31, 27), (26, 31, 33, 30, 28, 31, 27, 31), (31, 33, 30, 28, 31, 27, 31, 30), (33, 30, 28, 31, 27, 31, 30, 27), (30, 28, 31, 27, 31, 30, 27, 27), (28, 31, 27, 31, 30, 27, 27, 32), (31, 27, 31, 30, 27, 27, 32, 30), (27, 31, 30, 27, 27, 32, 30, 30), (31, 30, 27, 27, 32, 30, 30, 28), (30, 27, 27, 32, 30, 30, 28, 29), (27, 27, 32, 30, 30, 28, 29, 26), (27, 32, 30, 30, 28, 29, 26, 27), (32, 30, 30, 28, 29, 26, 27, 31), (30, 30, 28, 29, 26, 27, 31, 29), (30, 28, 29, 26, 27, 31, 29, 31), (28, 29, 26, 27, 31, 29, 31, 31), (29, 26, 27, 31, 29, 31, 31, 30), (26, 27, 31, 29, 31, 31, 30, 33), (27, 31, 29, 31, 31, 30, 33, 34), (31, 29, 31, 31, 30, 33, 34, 32), (29, 31, 31, 30, 33, 34, 32, 28), (31, 31, 30, 33, 34, 32, 28, 29), (31, 30, 33, 34, 32, 28, 29, 30), (30, 33, 34, 32, 28, 29, 30, 28), (33, 34, 32, 28, 29, 30, 28, 29), (34, 32, 28, 29, 30, 28, 29, 26), (32, 28, 29, 30, 28, 29, 26, 29), (28, 29, 30, 28, 29, 26, 29, 32), (29, 30, 28, 29, 26, 29, 32, 32), (30, 28, 29, 26, 29, 32, 32, 30)]
['F1 = ', 27, 27, 32, 33, 29, 29, 30, 27, 32, 29, 26, 28, 32, 30, 30, 28, 29, 26, 28, 31, 29, 31, 31, 30, 34, 34, 31, 28, 30, 29, 28, 28, 26]
['F2 = ', 26, 28, 33, 32, 28, 30, 29, 28, 32, 28, 26, 30, 31, 30, 29, 29, 28, 25, 30, 30, 29, 32, 30, 31, 34, 34, 30, 28, 30, 29, 29, 28, 27]
['F3 = ', 26, 30, 33, 31, 28, 31, 28, 30, 31, 28, 26, 31, 31, 30, 28, 29, 27, 26, 31, 29, 30, 31, 30, 32, 34, 33, 29, 28, 30, 28, 29, 27, 28]
===================
linha = [29, 30, 30, 30, 29, 25, 30, 28, 31, 34, 29, 31, 31, 30, 34, 30, 31, 32, 32, 32, 28, 32, 31, 31, 30, 32, 31, 30, 33, 30, 31, 35, 32, 33, 32, 32, 33, 35, 36, 35]
n = 32
[(29, 30, 30, 30, 29, 25, 30, 28), (30, 30, 30, 29, 25, 30, 28, 31), (30, 30, 29, 25, 30, 28, 31, 34), (30, 29, 25, 30, 28, 31, 34, 29), (29, 25, 30, 28, 31, 34, 29, 31), (25, 30, 28, 31, 34, 29, 31, 31), (30, 28, 31, 34, 29, 31, 31, 30), (28, 31, 34, 29, 31, 31, 30, 34), (31, 34, 29, 31, 31, 30, 34, 30), (34, 29, 31, 31, 30, 34, 30, 31), (29, 31, 31, 30, 34, 30, 31, 32), (31, 31, 30, 34, 30, 31, 32, 32), (31, 30, 34, 30, 31, 32, 32, 32), (30, 34, 30, 31, 32, 32, 32, 28), (34, 30, 31, 32, 32, 32, 28, 32), (30, 31, 32, 32, 32, 28, 32, 31), (31, 32, 32, 32, 28, 32, 31, 31), (32, 32, 32, 28, 32, 31, 31, 30), (32, 32, 28, 32, 31, 31, 30, 32), (32, 28, 32, 31, 31, 30, 32, 31), (28, 32, 31, 31, 30, 32, 31, 30), (32, 31, 31, 30, 32, 31, 30, 33), (31, 31, 30, 32, 31, 30, 33, 30), (31, 30, 32, 31, 30, 33, 30, 31), (30, 32, 31, 30, 33, 30, 31, 35), (32, 31, 30, 33, 30, 31, 35, 32), (31, 30, 33, 30, 31, 35, 32, 33), (30, 33, 30, 31, 35, 32, 33, 32), (33, 30, 31, 35, 32, 33, 32, 32), (30, 31, 35, 32, 33, 32, 32, 33), (31, 35, 32, 33, 32, 32, 33, 35), (35, 32, 33, 32, 32, 33, 35, 36), (32, 33, 32, 32, 33, 35, 36, 35)]
['F1 = ', 30, 28, 26, 30, 28, 32, 33, 29, 32, 30, 31, 34, 30, 32, 32, 32, 31, 28, 32, 31, 31, 30, 32, 30, 31, 33, 29, 32, 35, 32, 33, 32, 32]
['F2 = ', 30, 26, 27, 30, 28, 34, 31, 29, 32, 30, 32, 32, 30, 32, 32, 33, 29, 30, 32, 31, 30, 31, 32, 30, 32, 32, 29, 34, 34, 32, 33, 32, 32]
['F3 = ', 30, 25, 29, 29, 30, 34, 30, 30, 32, 30, 34, 31, 30, 32, 32, 33, 28, 31, 31, 31, 30, 32, 32, 30, 33, 31, 30, 35, 33, 33, 32, 32, 33]
===================
linha = [35, 39, 37, 34, 36, 36, 33, 36, 36, 37, 35, 32, 33, 36, 37, 35, 35, 33, 34, 35, 32, 35, 31, 33, 36, 31, 35, 33, 36, 36, 34, 37, 37, 37, 36, 35, 36, 36, 37, 37]
n = 32
[(35, 39, 37, 34, 36, 36, 33, 36), (39, 37, 34, 36, 36, 33, 36, 36), (37, 34, 36, 36, 33, 36, 36, 37), (34, 36, 36, 33, 36, 36, 37, 35), (36, 36, 33, 36, 36, 37, 35, 32), (36, 33, 36, 36, 37, 35, 32, 33), (33, 36, 36, 37, 35, 32, 33, 36), (36, 36, 37, 35, 32, 33, 36, 37), (36, 37, 35, 32, 33, 36, 37, 35), (37, 35, 32, 33, 36, 37, 35, 35), (35, 32, 33, 36, 37, 35, 35, 33), (32, 33, 36, 37, 35, 35, 33, 34), (33, 36, 37, 35, 35, 33, 34, 35), (36, 37, 35, 35, 33, 34, 35, 32), (37, 35, 35, 33, 34, 35, 32, 35), (35, 35, 33, 34, 35, 32, 35, 31), (35, 33, 34, 35, 32, 35, 31, 33), (33, 34, 35, 32, 35, 31, 33, 36), (34, 35, 32, 35, 31, 33, 36, 31), (35, 32, 35, 31, 33, 36, 31, 35), (32, 35, 31, 33, 36, 31, 35, 33), (35, 31, 33, 36, 31, 35, 33, 36), (31, 33, 36, 31, 35, 33, 36, 36), (33, 36, 31, 35, 33, 36, 36, 34), (36, 31, 35, 33, 36, 36, 34, 37), (31, 35, 33, 36, 36, 34, 37, 37), (35, 33, 36, 36, 34, 37, 37, 37), (33, 36, 36, 34, 37, 37, 37, 36), (36, 36, 34, 37, 37, 37, 36, 35), (36, 34, 37, 37, 37, 36, 35, 36), (34, 37, 37, 37, 36, 35, 36, 36), (37, 37, 37, 36, 35, 36, 36, 37), (37, 37, 36, 35, 36, 36, 37, 37)]
['F1 = ', 34, 37, 35, 33, 36, 36, 37, 34, 32, 34, 37, 37, 35, 35, 33, 35, 34, 33, 35, 31, 34, 35, 31, 35, 33, 37, 35, 34, 37, 37, 37, 36, 35]
['F2 = ', 35, 37, 34, 34, 36, 36, 37, 33, 32, 35, 37, 36, 35, 34, 33, 35, 33, 34, 34, 31, 36, 33, 33, 34, 34, 37, 34, 35, 37, 37, 37, 35, 35]
['F3 = ', 35, 37, 33, 35, 36, 37, 36, 32, 32, 35, 37, 35, 35, 33, 33, 35, 32, 35, 32, 32, 36, 32, 34, 33, 35, 37, 34, 36, 37, 37, 36, 35, 36]
===================
linha = [36, 37, 38, 36, 35, 34, 35, 36, 34, 33, 36, 36, 35, 34, 30, 29, 34, 31, 30, 33, 33, 31, 27, 29, 31, 27, 28, 31, 28, 29, 29, 30, 34, 31, 31, 31, 30, 29, 30, 32]
n = 32
[(36, 37, 38, 36, 35, 34, 35, 36), (37, 38, 36, 35, 34, 35, 36, 34), (38, 36, 35, 34, 35, 36, 34, 33), (36, 35, 34, 35, 36, 34, 33, 36), (35, 34, 35, 36, 34, 33, 36, 36), (34, 35, 36, 34, 33, 36, 36, 35), (35, 36, 34, 33, 36, 36, 35, 34), (36, 34, 33, 36, 36, 35, 34, 30), (34, 33, 36, 36, 35, 34, 30, 29), (33, 36, 36, 35, 34, 30, 29, 34), (36, 36, 35, 34, 30, 29, 34, 31), (36, 35, 34, 30, 29, 34, 31, 30), (35, 34, 30, 29, 34, 31, 30, 33), (34, 30, 29, 34, 31, 30, 33, 33), (30, 29, 34, 31, 30, 33, 33, 31), (29, 34, 31, 30, 33, 33, 31, 27), (34, 31, 30, 33, 33, 31, 27, 29), (31, 30, 33, 33, 31, 27, 29, 31), (30, 33, 33, 31, 27, 29, 31, 27), (33, 33, 31, 27, 29, 31, 27, 28), (33, 31, 27, 29, 31, 27, 28, 31), (31, 27, 29, 31, 27, 28, 31, 28), (27, 29, 31, 27, 28, 31, 28, 29), (29, 31, 27, 28, 31, 28, 29, 29), (31, 27, 28, 31, 28, 29, 29, 30), (27, 28, 31, 28, 29, 29, 30, 34), (28, 31, 28, 29, 29, 30, 34, 31), (31, 28, 29, 29, 30, 34, 31, 31), (28, 29, 29, 30, 34, 31, 31, 31), (29, 29, 30, 34, 31, 31, 31, 30), (29, 30, 34, 31, 31, 31, 30, 29), (30, 34, 31, 31, 31, 30, 29, 30), (34, 31, 31, 31, 30, 29, 30, 32)]
['F1 = ', 36, 35, 34, 35, 36, 33, 34, 36, 36, 35, 33, 29, 30, 34, 30, 31, 33, 33, 30, 27, 30, 30, 26, 29, 31, 28, 29, 29, 31, 34, 30, 31, 31]
['F2 = ', 35, 34, 34, 36, 35, 33, 34, 37, 35, 35, 32, 28, 32, 33, 30, 32, 33, 32, 29, 27, 31, 29, 26, 30, 30, 28, 29, 29, 33, 33, 30, 31, 31]
['F3 = ', 35, 34, 35, 36, 35, 33, 35, 36, 35, 34, 31, 28, 33, 32, 30, 32, 33, 32, 28, 28, 31, 28, 27, 31, 29, 29, 29, 29, 34, 32, 31, 31, 30]
===================
linha = [31, 33, 31, 31, 28, 29, 28, 23, 27, 29, 30, 29, 35, 33, 32, 33, 32, 30, 32, 36, 35, 30, 28, 28, 31, 31, 35, 33, 33, 34, 31, 32, 32, 28, 31, 27, 28, 33, 30, 34]
n = 32
[(31, 33, 31, 31, 28, 29, 28, 23), (33, 31, 31, 28, 29, 28, 23, 27), (31, 31, 28, 29, 28, 23, 27, 29), (31, 28, 29, 28, 23, 27, 29, 30), (28, 29, 28, 23, 27, 29, 30, 29), (29, 28, 23, 27, 29, 30, 29, 35), (28, 23, 27, 29, 30, 29, 35, 33), (23, 27, 29, 30, 29, 35, 33, 32), (27, 29, 30, 29, 35, 33, 32, 33), (29, 30, 29, 35, 33, 32, 33, 32), (30, 29, 35, 33, 32, 33, 32, 30), (29, 35, 33, 32, 33, 32, 30, 32), (35, 33, 32, 33, 32, 30, 32, 36), (33, 32, 33, 32, 30, 32, 36, 35), (32, 33, 32, 30, 32, 36, 35, 30), (33, 32, 30, 32, 36, 35, 30, 28), (32, 30, 32, 36, 35, 30, 28, 28), (30, 32, 36, 35, 30, 28, 28, 31), (32, 36, 35, 30, 28, 28, 31, 31), (36, 35, 30, 28, 28, 31, 31, 35), (35, 30, 28, 28, 31, 31, 35, 33), (30, 28, 28, 31, 31, 35, 33, 33), (28, 28, 31, 31, 35, 33, 33, 34), (28, 31, 31, 35, 33, 33, 34, 31), (31, 31, 35, 33, 33, 34, 31, 32), (31, 35, 33, 33, 34, 31, 32, 32), (35, 33, 33, 34, 31, 32, 32, 28), (33, 33, 34, 31, 32, 32, 28, 31), (33, 34, 31, 32, 32, 28, 31, 27), (34, 31, 32, 32, 28, 31, 27, 28), (31, 32, 32, 28, 31, 27, 28, 33), (32, 32, 28, 31, 27, 28, 33, 30), (32, 28, 31, 27, 28, 33, 30, 34)]
['F1 = ', 30, 28, 29, 27, 23, 28, 29, 29, 30, 35, 32, 32, 33, 31, 30, 33, 36, 34, 29, 28, 29, 31, 32, 35, 32, 34, 33, 31, 33, 31, 28, 31, 26]
['F2 = ', 30, 28, 30, 25, 24, 28, 30, 29, 32, 35, 32, 33, 33, 31, 30, 34, 36, 32, 29, 28, 30, 31, 33, 35, 32, 34, 33, 31, 33, 29, 29, 30, 26]
['F3 = ', 29, 28, 29, 24, 26, 29, 30, 29, 34, 34, 32, 33, 33, 30, 31, 35, 36, 31, 28, 28, 31, 31, 34, 34, 33, 34, 32, 31, 33, 28, 31, 28, 27]
===================
linha = [38, 33, 30, 32, 31, 30, 28, 28, 30, 32, 30, 32, 32, 28, 30, 27, 28, 26, 26, 29, 31, 29, 30, 33, 28, 29, 30, 33, 33, 27, 29, 30, 28, 27, 27, 28, 31, 27, 28, 32]
n = 32
[(38, 33, 30, 32, 31, 30, 28, 28), (33, 30, 32, 31, 30, 28, 28, 30), (30, 32, 31, 30, 28, 28, 30, 32), (32, 31, 30, 28, 28, 30, 32, 30), (31, 30, 28, 28, 30, 32, 30, 32), (30, 28, 28, 30, 32, 30, 32, 32), (28, 28, 30, 32, 30, 32, 32, 28), (28, 30, 32, 30, 32, 32, 28, 30), (30, 32, 30, 32, 32, 28, 30, 27), (32, 30, 32, 32, 28, 30, 27, 28), (30, 32, 32, 28, 30, 27, 28, 26), (32, 32, 28, 30, 27, 28, 26, 26), (32, 28, 30, 27, 28, 26, 26, 29), (28, 30, 27, 28, 26, 26, 29, 31), (30, 27, 28, 26, 26, 29, 31, 29), (27, 28, 26, 26, 29, 31, 29, 30), (28, 26, 26, 29, 31, 29, 30, 33), (26, 26, 29, 31, 29, 30, 33, 28), (26, 29, 31, 29, 30, 33, 28, 29), (29, 31, 29, 30, 33, 28, 29, 30), (31, 29, 30, 33, 28, 29, 30, 33), (29, 30, 33, 28, 29, 30, 33, 33), (30, 33, 28, 29, 30, 33, 33, 27), (33, 28, 29, 30, 33, 33, 27, 29), (28, 29, 30, 33, 33, 27, 29, 30), (29, 30, 33, 33, 27, 29, 30, 28), (30, 33, 33, 27, 29, 30, 28, 27), (33, 33, 27, 29, 30, 28, 27, 27), (33, 27, 29, 30, 28, 27, 27, 28), (27, 29, 30, 28, 27, 27, 28, 31), (29, 30, 28, 27, 27, 28, 31, 27), (30, 28, 27, 27, 28, 31, 27, 28), (28, 27, 27, 28, 31, 27, 28, 32)]
['F1 = ', 32, 31, 30, 28, 28, 31, 32, 30, 33, 31, 28, 30, 27, 28, 26, 27, 30, 31, 29, 31, 32, 28, 29, 31, 34, 32, 27, 30, 30, 28, 27, 27, 29]
['F2 = ', 32, 30, 29, 28, 29, 32, 31, 30, 33, 29, 29, 29, 27, 27, 25, 27, 31, 30, 29, 32, 31, 28, 30, 31, 34, 30, 27, 30, 29, 27, 27, 27, 30]
['F3 = ', 31, 30, 28, 28, 29, 32, 30, 31, 33, 28, 30, 28, 28, 27, 26, 28, 31, 30, 29, 33, 29, 28, 30, 32, 34, 28, 28, 30, 29, 27, 27, 27, 31]
===================
linha = [30, 34, 30, 29, 29, 29, 31, 33, 32, 31, 33, 31, 29, 28, 30, 31, 27, 32, 30, 28, 29, 29, 32, 28, 29, 25, 24, 27, 26, 27, 28, 29, 30, 29, 27, 31, 30, 27, 26, 24]
n = 32
[(30, 34, 30, 29, 29, 29, 31, 33), (34, 30, 29, 29, 29, 31, 33, 32), (30, 29, 29, 29, 31, 33, 32, 31), (29, 29, 29, 31, 33, 32, 31, 33), (29, 29, 31, 33, 32, 31, 33, 31), (29, 31, 33, 32, 31, 33, 31, 29), (31, 33, 32, 31, 33, 31, 29, 28), (33, 32, 31, 33, 31, 29, 28, 30), (32, 31, 33, 31, 29, 28, 30, 31), (31, 33, 31, 29, 28, 30, 31, 27), (33, 31, 29, 28, 30, 31, 27, 32), (31, 29, 28, 30, 31, 27, 32, 30), (29, 28, 30, 31, 27, 32, 30, 28), (28, 30, 31, 27, 32, 30, 28, 29), (30, 31, 27, 32, 30, 28, 29, 29), (31, 27, 32, 30, 28, 29, 29, 32), (27, 32, 30, 28, 29, 29, 32, 28), (32, 30, 28, 29, 29, 32, 28, 29), (30, 28, 29, 29, 32, 28, 29, 25), (28, 29, 29, 32, 28, 29, 25, 24), (29, 29, 32, 28, 29, 25, 24, 27), (29, 32, 28, 29, 25, 24, 27, 26), (32, 28, 29, 25, 24, 27, 26, 27), (28, 29, 25, 24, 27, 26, 27, 28), (29, 25, 24, 27, 26, 27, 28, 29), (25, 24, 27, 26, 27, 28, 29, 30), (24, 27, 26, 27, 28, 29, 30, 29), (27, 26, 27, 28, 29, 30, 29, 27), (26, 27, 28, 29, 30, 29, 27, 31), (27, 28, 29, 30, 29, 27, 31, 30), (28, 29, 30, 29, 27, 31, 30, 27), (29, 30, 29, 27, 31, 30, 27, 26), (30, 29, 27, 31, 30, 27, 26, 24)]
['F1 = ', 29, 29, 29, 32, 33, 31, 31, 33, 30, 29, 28, 31, 30, 28, 32, 29, 28, 29, 30, 31, 28, 29, 24, 25, 27, 26, 27, 28, 29, 30, 28, 28, 31]
['F2 = ', 29, 29, 30, 32, 33, 31, 32, 32, 30, 28, 29, 32, 28, 29, 32, 28, 29, 29, 31, 30, 28, 28, 23, 26, 27, 26, 28, 28, 30, 30, 27, 29, 31]
['F3 = ', 29, 29, 30, 33, 33, 31, 33, 32, 29, 28, 29, 32, 27, 31, 31, 28, 29, 29, 32, 29, 29, 26, 24, 27, 26, 27, 28, 29, 30, 30, 27, 30, 31]
===================
linha = [27, 27, 27, 32, 35, 33, 30, 31, 30, 30, 31, 31, 32, 33, 32, 30, 32, 35, 33, 30, 36, 33, 34, 36, 32, 34, 36, 35, 32, 32, 35, 32, 30, 31, 32, 32, 30, 31, 34, 34]
n = 32
[(27, 27, 27, 32, 35, 33, 30, 31), (27, 27, 32, 35, 33, 30, 31, 30), (27, 32, 35, 33, 30, 31, 30, 30), (32, 35, 33, 30, 31, 30, 30, 31), (35, 33, 30, 31, 30, 30, 31, 31), (33, 30, 31, 30, 30, 31, 31, 32), (30, 31, 30, 30, 31, 31, 32, 33), (31, 30, 30, 31, 31, 32, 33, 32), (30, 30, 31, 31, 32, 33, 32, 30), (30, 31, 31, 32, 33, 32, 30, 32), (31, 31, 32, 33, 32, 30, 32, 35), (31, 32, 33, 32, 30, 32, 35, 33), (32, 33, 32, 30, 32, 35, 33, 30), (33, 32, 30, 32, 35, 33, 30, 36), (32, 30, 32, 35, 33, 30, 36, 33), (30, 32, 35, 33, 30, 36, 33, 34), (32, 35, 33, 30, 36, 33, 34, 36), (35, 33, 30, 36, 33, 34, 36, 32), (33, 30, 36, 33, 34, 36, 32, 34), (30, 36, 33, 34, 36, 32, 34, 36), (36, 33, 34, 36, 32, 34, 36, 35), (33, 34, 36, 32, 34, 36, 35, 32), (34, 36, 32, 34, 36, 35, 32, 32), (36, 32, 34, 36, 35, 32, 32, 35), (32, 34, 36, 35, 32, 32, 35, 32), (34, 36, 35, 32, 32, 35, 32, 30), (36, 35, 32, 32, 35, 32, 30, 31), (35, 32, 32, 35, 32, 30, 31, 32), (32, 32, 35, 32, 30, 31, 32, 32), (32, 35, 32, 30, 31, 32, 32, 30), (35, 32, 30, 31, 32, 32, 30, 31), (32, 30, 31, 32, 32, 30, 31, 34), (30, 31, 32, 32, 30, 31, 34, 34)]
['F1 = ', 33, 35, 32, 30, 31, 30, 30, 31, 31, 32, 33, 31, 30, 33, 35, 32, 31, 36, 32, 35, 35, 32, 35, 36, 34, 32, 33, 35, 31, 30, 31, 32, 32]
['F2 = ', 34, 35, 31, 30, 31, 30, 31, 31, 31, 33, 33, 31, 30, 34, 35, 30, 33, 35, 32, 36, 34, 32, 35, 36, 34, 31, 34, 34, 30, 30, 32, 32, 31]
['F3 = ', 35, 34, 30, 31, 30, 30, 31, 31, 32, 33, 33, 30, 31, 35, 34, 30, 35, 34, 33, 36, 33, 33, 36, 36, 33, 31, 35, 33, 30, 31, 32, 32, 30]
===================
linha = [38, 42, 36, 32, 36, 35, 33, 32, 30, 29, 31, 33, 34, 31, 34, 32, 31, 32, 31, 33, 30, 33, 33, 31, 33, 30, 30, 32, 29, 30, 31, 32, 33, 28, 31, 31, 31, 36, 30, 33]
n = 32
[(38, 42, 36, 32, 36, 35, 33, 32), (42, 36, 32, 36, 35, 33, 32, 30), (36, 32, 36, 35, 33, 32, 30, 29), (32, 36, 35, 33, 32, 30, 29, 31), (36, 35, 33, 32, 30, 29, 31, 33), (35, 33, 32, 30, 29, 31, 33, 34), (33, 32, 30, 29, 31, 33, 34, 31), (32, 30, 29, 31, 33, 34, 31, 34), (30, 29, 31, 33, 34, 31, 34, 32), (29, 31, 33, 34, 31, 34, 32, 31), (31, 33, 34, 31, 34, 32, 31, 32), (33, 34, 31, 34, 32, 31, 32, 31), (34, 31, 34, 32, 31, 32, 31, 33), (31, 34, 32, 31, 32, 31, 33, 30), (34, 32, 31, 32, 31, 33, 30, 33), (32, 31, 32, 31, 33, 30, 33, 33), (31, 32, 31, 33, 30, 33, 33, 31), (32, 31, 33, 30, 33, 33, 31, 33), (31, 33, 30, 33, 33, 31, 33, 30), (33, 30, 33, 33, 31, 33, 30, 30), (30, 33, 33, 31, 33, 30, 30, 32), (33, 33, 31, 33, 30, 30, 32, 29), (33, 31, 33, 30, 30, 32, 29, 30), (31, 33, 30, 30, 32, 29, 30, 31), (33, 30, 30, 32, 29, 30, 31, 32), (30, 30, 32, 29, 30, 31, 32, 33), (30, 32, 29, 30, 31, 32, 33, 28), (32, 29, 30, 31, 32, 33, 28, 31), (29, 30, 31, 32, 33, 28, 31, 31), (30, 31, 32, 33, 28, 31, 31, 31), (31, 32, 33, 28, 31, 31, 31, 36), (32, 33, 28, 31, 31, 31, 36, 30), (33, 28, 31, 31, 31, 36, 30, 33)]
['F1 = ', 33, 36, 34, 33, 32, 30, 29, 32, 34, 33, 31, 34, 31, 31, 32, 31, 32, 30, 34, 32, 31, 33, 29, 31, 32, 29, 30, 31, 33, 32, 28, 32, 30]
['F2 = ', 34, 36, 34, 33, 31, 29, 30, 32, 34, 32, 32, 34, 31, 32, 31, 32, 31, 31, 34, 31, 32, 32, 29, 32, 31, 29, 31, 31, 33, 30, 29, 32, 30]
['F3 = ', 35, 36, 33, 32, 31, 29, 30, 32, 34, 31, 33, 33, 31, 32, 31, 33, 30, 32, 34, 31, 33, 31, 29, 32, 30, 30, 31, 31, 34, 29, 30, 32, 30]
===================
linha = [32, 29, 32, 30, 30, 29, 30, 30, 29, 30, 34, 31, 29, 28, 30, 31, 28, 30, 34, 33, 33, 34, 34, 33, 32, 29, 30, 30, 27, 28, 28, 30, 34, 35, 34, 35, 32, 31, 34, 30]
n = 32
[(32, 29, 32, 30, 30, 29, 30, 30), (29, 32, 30, 30, 29, 30, 30, 29), (32, 30, 30, 29, 30, 30, 29, 30), (30, 30, 29, 30, 30, 29, 30, 34), (30, 29, 30, 30, 29, 30, 34, 31), (29, 30, 30, 29, 30, 34, 31, 29), (30, 30, 29, 30, 34, 31, 29, 28), (30, 29, 30, 34, 31, 29, 28, 30), (29, 30, 34, 31, 29, 28, 30, 31), (30, 34, 31, 29, 28, 30, 31, 28), (34, 31, 29, 28, 30, 31, 28, 30), (31, 29, 28, 30, 31, 28, 30, 34), (29, 28, 30, 31, 28, 30, 34, 33), (28, 30, 31, 28, 30, 34, 33, 33), (30, 31, 28, 30, 34, 33, 33, 34), (31, 28, 30, 34, 33, 33, 34, 34), (28, 30, 34, 33, 33, 34, 34, 33), (30, 34, 33, 33, 34, 34, 33, 32), (34, 33, 33, 34, 34, 33, 32, 29), (33, 33, 34, 34, 33, 32, 29, 30), (33, 34, 34, 33, 32, 29, 30, 30), (34, 34, 33, 32, 29, 30, 30, 27), (34, 33, 32, 29, 30, 30, 27, 28), (33, 32, 29, 30, 30, 27, 28, 28), (32, 29, 30, 30, 27, 28, 28, 30), (29, 30, 30, 27, 28, 28, 30, 34), (30, 30, 27, 28, 28, 30, 34, 35), (30, 27, 28, 28, 30, 34, 35, 34), (27, 28, 28, 30, 34, 35, 34, 35), (28, 28, 30, 34, 35, 34, 35, 32), (28, 30, 34, 35, 34, 35, 32, 31), (30, 34, 35, 34, 35, 32, 31, 34), (34, 35, 34, 35, 32, 31, 34, 30)]
['F1 = ', 30, 30, 29, 30, 30, 29, 31, 34, 30, 29, 28, 31, 30, 28, 31, 34, 33, 33, 34, 34, 33, 31, 29, 30, 29, 27, 28, 28, 31, 35, 35, 34, 35]
['F2 = ', 30, 30, 29, 30, 30, 29, 32, 33, 30, 28, 29, 31, 29, 28, 33, 34, 33, 34, 34, 33, 33, 30, 29, 31, 28, 27, 28, 28, 32, 35, 34, 35, 34]
['F3 = ', 30, 29, 30, 30, 29, 29, 34, 32, 29, 28, 29, 31, 29, 29, 33, 33, 33, 34, 34, 33, 33, 30, 29, 30, 27, 28, 28, 29, 33, 35, 34, 35, 33]
===================
linha = [30, 33, 32, 29, 29, 29, 30, 34, 33, 32, 32, 30, 36, 34, 33, 36, 31, 30, 31, 34, 35, 33, 35, 37, 35, 35, 35, 38, 35, 35, 38, 38, 36, 37, 35, 30, 32, 32, 30, 28]
n = 32
[(30, 33, 32, 29, 29, 29, 30, 34), (33, 32, 29, 29, 29, 30, 34, 33), (32, 29, 29, 29, 30, 34, 33, 32), (29, 29, 29, 30, 34, 33, 32, 32), (29, 29, 30, 34, 33, 32, 32, 30), (29, 30, 34, 33, 32, 32, 30, 36), (30, 34, 33, 32, 32, 30, 36, 34), (34, 33, 32, 32, 30, 36, 34, 33), (33, 32, 32, 30, 36, 34, 33, 36), (32, 32, 30, 36, 34, 33, 36, 31), (32, 30, 36, 34, 33, 36, 31, 30), (30, 36, 34, 33, 36, 31, 30, 31), (36, 34, 33, 36, 31, 30, 31, 34), (34, 33, 36, 31, 30, 31, 34, 35), (33, 36, 31, 30, 31, 34, 35, 33), (36, 31, 30, 31, 34, 35, 33, 35), (31, 30, 31, 34, 35, 33, 35, 37), (30, 31, 34, 35, 33, 35, 37, 35), (31, 34, 35, 33, 35, 37, 35, 35), (34, 35, 33, 35, 37, 35, 35, 35), (35, 33, 35, 37, 35, 35, 35, 38), (33, 35, 37, 35, 35, 35, 38, 35), (35, 37, 35, 35, 35, 38, 35, 35), (37, 35, 35, 35, 38, 35, 35, 38), (35, 35, 35, 38, 35, 35, 38, 38), (35, 35, 38, 35, 35, 38, 38, 36), (35, 38, 35, 35, 38, 38, 36, 37), (38, 35, 35, 38, 38, 36, 37, 35), (35, 35, 38, 38, 36, 37, 35, 30), (35, 38, 38, 36, 37, 35, 30, 32), (38, 38, 36, 37, 35, 30, 32, 32), (38, 36, 37, 35, 30, 32, 32, 30), (36, 37, 35, 30, 32, 32, 30, 28)]
['F1 = ', 29, 29, 29, 31, 34, 32, 32, 31, 31, 36, 33, 34, 35, 30, 30, 32, 35, 34, 33, 36, 37, 35, 35, 36, 38, 34, 36, 38, 37, 36, 37, 34, 30]
['F2 = ', 29, 29, 29, 32, 34, 32, 33, 30, 33, 36, 32, 35, 34, 30, 30, 32, 35, 34, 33, 37, 36, 35, 35, 37, 37, 34, 37, 39, 37, 36, 37, 32, 30]
['F3 = ', 29, 29, 29, 33, 34, 32, 32, 30, 35, 35, 32, 36, 32, 30, 31, 33, 35, 33, 34, 37, 35, 35, 35, 38, 36, 34, 37, 38, 36, 37, 36, 31, 31]
===================
linha = [34, 35, 35, 35, 34, 35, 37, 34, 34, 31, 29, 28, 26, 28, 32, 31, 29, 32, 33, 26, 32, 47, 78, 102, 102, 83, 55, 45, 46, 38, 39, 37, 40, 36, 36, 38, 36, 37, 32, 34]
n = 32
[(34, 35, 35, 35, 34, 35, 37, 34), (35, 35, 35, 34, 35, 37, 34, 34), (35, 35, 34, 35, 37, 34, 34, 31), (35, 34, 35, 37, 34, 34, 31, 29), (34, 35, 37, 34, 34, 31, 29, 28), (35, 37, 34, 34, 31, 29, 28, 26), (37, 34, 34, 31, 29, 28, 26, 28), (34, 34, 31, 29, 28, 26, 28, 32), (34, 31, 29, 28, 26, 28, 32, 31), (31, 29, 28, 26, 28, 32, 31, 29), (29, 28, 26, 28, 32, 31, 29, 32), (28, 26, 28, 32, 31, 29, 32, 33), (26, 28, 32, 31, 29, 32, 33, 26), (28, 32, 31, 29, 32, 33, 26, 32), (32, 31, 29, 32, 33, 26, 32, 47), (31, 29, 32, 33, 26, 32, 47, 78), (29, 32, 33, 26, 32, 47, 78, 102), (32, 33, 26, 32, 47, 78, 102, 102), (33, 26, 32, 47, 78, 102, 102, 83), (26, 32, 47, 78, 102, 102, 83, 55), (32, 47, 78, 102, 102, 83, 55, 45), (47, 78, 102, 102, 83, 55, 45, 46), (78, 102, 102, 83, 55, 45, 46, 38), (102, 102, 83, 55, 45, 46, 38, 39), (102, 83, 55, 45, 46, 38, 39, 37), (83, 55, 45, 46, 38, 39, 37, 40), (55, 45, 46, 38, 39, 37, 40, 36), (45, 46, 38, 39, 37, 40, 36, 36), (46, 38, 39, 37, 40, 36, 36, 38), (38, 39, 37, 40, 36, 36, 38, 36), (39, 37, 40, 36, 36, 38, 36, 37), (37, 40, 36, 36, 38, 36, 37, 32), (40, 36, 36, 38, 36, 37, 32, 34)]
['F1 = ', 35, 34, 36, 37, 34, 34, 30, 29, 27, 26, 29, 32, 30, 29, 33, 31, 26, 34, 53, 85, 104, 99, 76, 51, 46, 44, 37, 39, 37, 40, 35, 37, 38]
['F2 = ', 35, 34, 37, 36, 34, 33, 30, 29, 27, 26, 30, 32, 30, 30, 34, 29, 27, 38, 61, 93, 105, 95, 68, 47, 46, 42, 38, 38, 39, 39, 35, 38, 37]
['F3 = ', 34, 34, 37, 35, 34, 32, 29, 28, 26, 27, 31, 32, 29, 31, 34, 27, 30, 42, 70, 98, 104, 89, 61, 45, 47, 40, 39, 37, 40, 37, 35, 38, 36]
===================
linha = [36, 37, 44, 39, 38, 41, 40, 40, 38, 37, 35, 37, 40, 35, 36, 34, 35, 35, 35, 36, 34, 34, 31, 30, 36, 27, 31, 38, 34, 33, 31, 31, 30, 32, 36, 37, 36, 35, 38, 35]
n = 32
[(36, 37, 44, 39, 38, 41, 40, 40), (37, 44, 39, 38, 41, 40, 40, 38), (44, 39, 38, 41, 40, 40, 38, 37), (39, 38, 41, 40, 40, 38, 37, 35), (38, 41, 40, 40, 38, 37, 35, 37), (41, 40, 40, 38, 37, 35, 37, 40), (40, 40, 38, 37, 35, 37, 40, 35), (40, 38, 37, 35, 37, 40, 35, 36), (38, 37, 35, 37, 40, 35, 36, 34), (37, 35, 37, 40, 35, 36, 34, 35), (35, 37, 40, 35, 36, 34, 35, 35), (37, 40, 35, 36, 34, 35, 35, 35), (40, 35, 36, 34, 35, 35, 35, 36), (35, 36, 34, 35, 35, 35, 36, 34), (36, 34, 35, 35, 35, 36, 34, 34), (34, 35, 35, 35, 36, 34, 34, 31), (35, 35, 35, 36, 34, 34, 31, 30), (35, 35, 36, 34, 34, 31, 30, 36), (35, 36, 34, 34, 31, 30, 36, 27), (36, 34, 34, 31, 30, 36, 27, 31), (34, 34, 31, 30, 36, 27, 31, 38), (34, 31, 30, 36, 27, 31, 38, 34), (31, 30, 36, 27, 31, 38, 34, 33), (30, 36, 27, 31, 38, 34, 33, 31), (36, 27, 31, 38, 34, 33, 31, 31), (27, 31, 38, 34, 33, 31, 31, 30), (31, 38, 34, 33, 31, 31, 30, 32), (38, 34, 33, 31, 31, 30, 32, 36), (34, 33, 31, 31, 30, 32, 36, 37), (33, 31, 31, 30, 32, 36, 37, 36), (31, 31, 30, 32, 36, 37, 36, 35), (31, 30, 32, 36, 37, 36, 35, 38), (30, 32, 36, 37, 36, 35, 38, 35)]
['F1 = ', 38, 39, 41, 40, 40, 38, 37, 35, 38, 39, 35, 36, 34, 35, 35, 35, 36, 34, 34, 30, 32, 35, 26, 34, 38, 33, 33, 31, 31, 30, 33, 37, 37]
['F2 = ', 37, 40, 41, 40, 39, 38, 36, 35, 40, 38, 35, 35, 34, 35, 35, 36, 35, 34, 33, 29, 34, 32, 27, 36, 37, 33, 32, 31, 31, 30, 34, 37, 37]
['F3 = ', 37, 41, 40, 40, 38, 37, 35, 36, 40, 36, 36, 34, 35, 35, 35, 36, 34, 34, 32, 29, 36, 29, 29, 37, 35, 33, 31, 31, 30, 31, 35, 37, 37]
===================
linha = [34, 35, 38, 61, 66, 43, 37, 35, 32, 38, 33, 37, 35, 36, 40, 50, 73, 92, 107, 117, 92, 64, 53, 38, 42, 35, 32, 30, 29, 34, 31, 33, 32, 35, 35, 36, 44, 59, 81, 80]
n = 32
[(34, 35, 38, 61, 66, 43, 37, 35), (35, 38, 61, 66, 43, 37, 35, 32), (38, 61, 66, 43, 37, 35, 32, 38), (61, 66, 43, 37, 35, 32, 38, 33), (66, 43, 37, 35, 32, 38, 33, 37), (43, 37, 35, 32, 38, 33, 37, 35), (37, 35, 32, 38, 33, 37, 35, 36), (35, 32, 38, 33, 37, 35, 36, 40), (32, 38, 33, 37, 35, 36, 40, 50), (38, 33, 37, 35, 36, 40, 50, 73), (33, 37, 35, 36, 40, 50, 73, 92), (37, 35, 36, 40, 50, 73, 92, 107), (35, 36, 40, 50, 73, 92, 107, 117), (36, 40, 50, 73, 92, 107, 117, 92), (40, 50, 73, 92, 107, 117, 92, 64), (50, 73, 92, 107, 117, 92, 64, 53), (73, 92, 107, 117, 92, 64, 53, 38), (92, 107, 117, 92, 64, 53, 38, 42), (107, 117, 92, 64, 53, 38, 42, 35), (117, 92, 64, 53, 38, 42, 35, 32), (92, 64, 53, 38, 42, 35, 32, 30), (64, 53, 38, 42, 35, 32, 30, 29), (53, 38, 42, 35, 32, 30, 29, 34), (38, 42, 35, 32, 30, 29, 34, 31), (42, 35, 32, 30, 29, 34, 31, 33), (35, 32, 30, 29, 34, 31, 33, 32), (32, 30, 29, 34, 31, 33, 32, 35), (30, 29, 34, 31, 33, 32, 35, 35), (29, 34, 31, 33, 32, 35, 35, 36), (34, 31, 33, 32, 35, 35, 36, 44), (31, 33, 32, 35, 35, 36, 44, 59), (33, 32, 35, 35, 36, 44, 59, 81), (32, 35, 35, 36, 44, 59, 81, 80)]
['F1 = ', 66, 61, 39, 37, 34, 33, 37, 33, 37, 35, 37, 41, 55, 78, 95, 111, 114, 84, 61, 49, 38, 42, 33, 32, 29, 30, 34, 31, 33, 32, 35, 35, 37]
['F2 = ', 69, 55, 37, 37, 32, 35, 36, 34, 37, 35, 38, 43, 61, 84, 99, 115, 109, 75, 59, 44, 39, 40, 32, 31, 28, 32, 33, 32, 33, 33, 35, 35, 39]
['F3 = ', 69, 48, 37, 36, 32, 37, 34, 36, 36, 35, 39, 46, 67, 89, 103, 117, 100, 68, 56, 40, 41, 37, 32, 31, 28, 33, 32, 33, 32, 34, 35, 35, 42]
===================
linha = [64, 56, 48, 45, 41, 43, 46, 41, 39, 41, 38, 36, 37, 34, 35, 37, 38, 39, 38, 37, 36, 34, 35, 34, 33, 39, 40, 41, 43, 49, 72, 101, 111, 110, 110, 109, 106, 105, 99, 80]
n = 32
[(64, 56, 48, 45, 41, 43, 46, 41), (56, 48, 45, 41, 43, 46, 41, 39), (48, 45, 41, 43, 46, 41, 39, 41), (45, 41, 43, 46, 41, 39, 41, 38), (41, 43, 46, 41, 39, 41, 38, 36), (43, 46, 41, 39, 41, 38, 36, 37), (46, 41, 39, 41, 38, 36, 37, 34), (41, 39, 41, 38, 36, 37, 34, 35), (39, 41, 38, 36, 37, 34, 35, 37), (41, 38, 36, 37, 34, 35, 37, 38), (38, 36, 37, 34, 35, 37, 38, 39), (36, 37, 34, 35, 37, 38, 39, 38), (37, 34, 35, 37, 38, 39, 38, 37), (34, 35, 37, 38, 39, 38, 37, 36), (35, 37, 38, 39, 38, 37, 36, 34), (37, 38, 39, 38, 37, 36, 34, 35), (38, 39, 38, 37, 36, 34, 35, 34), (39, 38, 37, 36, 34, 35, 34, 33), (38, 37, 36, 34, 35, 34, 33, 39), (37, 36, 34, 35, 34, 33, 39, 40), (36, 34, 35, 34, 33, 39, 40, 41), (34, 35, 34, 33, 39, 40, 41, 43), (35, 34, 33, 39, 40, 41, 43, 49), (34, 33, 39, 40, 41, 43, 49, 72), (33, 39, 40, 41, 43, 49, 72, 101), (39, 40, 41, 43, 49, 72, 101, 111), (40, 41, 43, 49, 72, 101, 111, 110), (41, 43, 49, 72, 101, 111, 110, 110), (43, 49, 72, 101, 111, 110, 110, 109), (49, 72, 101, 111, 110, 110, 109, 106), (72, 101, 111, 110, 110, 109, 106, 105), (101, 111, 110, 110, 109, 106, 105, 99), (111, 110, 110, 109, 106, 105, 99, 80)]
['F1 = ', 44, 41, 44, 45, 40, 40, 41, 37, 36, 37, 34, 36, 37, 38, 39, 38, 37, 35, 34, 35, 33, 34, 40, 40, 42, 43, 53, 80, 105, 111, 110, 110, 108]
['F2 = ', 43, 41, 45, 44, 39, 40, 40, 36, 37, 36, 34, 36, 38, 39, 39, 37, 37, 35, 34, 35, 33, 36, 40, 40, 42, 45, 58, 88, 109, 111, 110, 110, 108]
['F3 = ', 42, 42, 46, 43, 39, 41, 39, 36, 37, 35, 34, 37, 38, 39, 38, 37, 36, 34, 35, 35, 33, 38, 40, 40, 43, 47, 65, 95, 111, 110, 110, 110, 107]
===================
linha = [58, 47, 42, 37, 37, 35, 36, 35, 34, 33, 33, 35, 34, 31, 33, 33, 34, 39, 37, 37, 38, 34, 36, 37, 38, 40, 37, 37, 34, 36, 39, 38, 40, 39, 40, 39, 40, 41, 41, 39]
n = 32
[(58, 47, 42, 37, 37, 35, 36, 35), (47, 42, 37, 37, 35, 36, 35, 34), (42, 37, 37, 35, 36, 35, 34, 33), (37, 37, 35, 36, 35, 34, 33, 33), (37, 35, 36, 35, 34, 33, 33, 35), (35, 36, 35, 34, 33, 33, 35, 34), (36, 35, 34, 33, 33, 35, 34, 31), (35, 34, 33, 33, 35, 34, 31, 33), (34, 33, 33, 35, 34, 31, 33, 33), (33, 33, 35, 34, 31, 33, 33, 34), (33, 35, 34, 31, 33, 33, 34, 39), (35, 34, 31, 33, 33, 34, 39, 37), (34, 31, 33, 33, 34, 39, 37, 37), (31, 33, 33, 34, 39, 37, 37, 38), (33, 33, 34, 39, 37, 37, 38, 34), (33, 34, 39, 37, 37, 38, 34, 36), (34, 39, 37, 37, 38, 34, 36, 37), (39, 37, 37, 38, 34, 36, 37, 38), (37, 37, 38, 34, 36, 37, 38, 40), (37, 38, 34, 36, 37, 38, 40, 37), (38, 34, 36, 37, 38, 40, 37, 37), (34, 36, 37, 38, 40, 37, 37, 34), (36, 37, 38, 40, 37, 37, 34, 36), (37, 38, 40, 37, 37, 34, 36, 39), (38, 40, 37, 37, 34, 36, 39, 38), (40, 37, 37, 34, 36, 39, 38, 40), (37, 37, 34, 36, 39, 38, 40, 39), (37, 34, 36, 39, 38, 40, 39, 40), (34, 36, 39, 38, 40, 39, 40, 39), (36, 39, 38, 40, 39, 40, 39, 40), (39, 38, 40, 39, 40, 39, 40, 41), (38, 40, 39, 40, 39, 40, 41, 41), (40, 39, 40, 39, 40, 41, 41, 39)]
['F1 = ', 37, 37, 35, 36, 35, 34, 33, 33, 35, 33, 31, 33, 33, 35, 39, 36, 38, 37, 34, 37, 37, 39, 40, 37, 36, 34, 37, 39, 38, 40, 39, 40, 39]
['F2 = ', 37, 36, 35, 36, 34, 34, 33, 34, 35, 32, 32, 34, 33, 37, 39, 36, 38, 36, 34, 37, 37, 40, 39, 37, 36, 34, 38, 38, 39, 40, 39, 40, 39]
['F3 = ', 37, 35, 36, 35, 34, 33, 33, 35, 35, 31, 32, 33, 33, 38, 38, 36, 38, 35, 35, 37, 37, 40, 38, 37, 35, 35, 39, 38, 40, 39, 40, 39, 40]
===================
linha = [33, 32, 30, 33, 31, 37, 42, 34, 31, 32, 35, 35, 30, 32, 34, 32, 33, 32, 37, 34, 35, 32, 30, 36, 36, 37, 38, 39, 38, 35, 33, 35, 39, 36, 37, 36, 38, 39, 37, 38]
n = 32
[(33, 32, 30, 33, 31, 37, 42, 34), (32, 30, 33, 31, 37, 42, 34, 31), (30, 33, 31, 37, 42, 34, 31, 32), (33, 31, 37, 42, 34, 31, 32, 35), (31, 37, 42, 34, 31, 32, 35, 35), (37, 42, 34, 31, 32, 35, 35, 30), (42, 34, 31, 32, 35, 35, 30, 32), (34, 31, 32, 35, 35, 30, 32, 34), (31, 32, 35, 35, 30, 32, 34, 32), (32, 35, 35, 30, 32, 34, 32, 33), (35, 35, 30, 32, 34, 32, 33, 32), (35, 30, 32, 34, 32, 33, 32, 37), (30, 32, 34, 32, 33, 32, 37, 34), (32, 34, 32, 33, 32, 37, 34, 35), (34, 32, 33, 32, 37, 34, 35, 32), (32, 33, 32, 37, 34, 35, 32, 30), (33, 32, 37, 34, 35, 32, 30, 36), (32, 37, 34, 35, 32, 30, 36, 36), (37, 34, 35, 32, 30, 36, 36, 37), (34, 35, 32, 30, 36, 36, 37, 38), (35, 32, 30, 36, 36, 37, 38, 39), (32, 30, 36, 36, 37, 38, 39, 38), (30, 36, 36, 37, 38, 39, 38, 35), (36, 36, 37, 38, 39, 38, 35, 33), (36, 37, 38, 39, 38, 35, 33, 35), (37, 38, 39, 38, 35, 33, 35, 39), (38, 39, 38, 35, 33, 35, 39, 36), (39, 38, 35, 33, 35, 39, 36, 37), (38, 35, 33, 35, 39, 36, 37, 36), (35, 33, 35, 39, 36, 37, 36, 38), (33, 35, 39, 36, 37, 36, 38, 39), (35, 39, 36, 37, 36, 38, 39, 37), (39, 36, 37, 36, 38, 39, 37, 38)]
['F1 = ', 33, 31, 39, 41, 32, 31, 33, 36, 34, 30, 33, 34, 32, 33, 33, 37, 34, 35, 31, 31, 37, 36, 37, 38, 39, 37, 34, 33, 36, 39, 36, 37, 36]
['F2 = ', 32, 33, 41, 39, 31, 31, 33, 36, 32, 30, 34, 33, 33, 32, 35, 36, 34, 34, 30, 33, 37, 36, 38, 39, 39, 37, 34, 33, 38, 38, 36, 37, 37]
['F3 = ', 31, 35, 42, 36, 31, 31, 34, 36, 31, 31, 34, 32, 33, 32, 36, 35, 35, 33, 30, 35, 36, 37, 38, 39, 38, 36, 33, 34, 39, 37, 37, 36, 37]
===================
linha = [36, 36, 36, 34, 35, 35, 33, 35, 35, 35, 35, 36, 34, 34, 37, 34, 36, 37, 36, 39, 39, 34, 35, 39, 43, 40, 40, 42, 38, 36, 39, 39, 33, 31, 31, 32, 32, 30, 33, 33]
n = 32
[(36, 36, 36, 34, 35, 35, 33, 35), (36, 36, 34, 35, 35, 33, 35, 35), (36, 34, 35, 35, 33, 35, 35, 35), (34, 35, 35, 33, 35, 35, 35, 35), (35, 35, 33, 35, 35, 35, 35, 36), (35, 33, 35, 35, 35, 35, 36, 34), (33, 35, 35, 35, 35, 36, 34, 34), (35, 35, 35, 35, 36, 34, 34, 37), (35, 35, 35, 36, 34, 34, 37, 34), (35, 35, 36, 34, 34, 37, 34, 36), (35, 36, 34, 34, 37, 34, 36, 37), (36, 34, 34, 37, 34, 36, 37, 36), (34, 34, 37, 34, 36, 37, 36, 39), (34, 37, 34, 36, 37, 36, 39, 39), (37, 34, 36, 37, 36, 39, 39, 34), (34, 36, 37, 36, 39, 39, 34, 35), (36, 37, 36, 39, 39, 34, 35, 39), (37, 36, 39, 39, 34, 35, 39, 43), (36, 39, 39, 34, 35, 39, 43, 40), (39, 39, 34, 35, 39, 43, 40, 40), (39, 34, 35, 39, 43, 40, 40, 42), (34, 35, 39, 43, 40, 40, 42, 38), (35, 39, 43, 40, 40, 42, 38, 36), (39, 43, 40, 40, 42, 38, 36, 39), (43, 40, 40, 42, 38, 36, 39, 39), (40, 40, 42, 38, 36, 39, 39, 33), (40, 42, 38, 36, 39, 39, 33, 31), (42, 38, 36, 39, 39, 33, 31, 31), (38, 36, 39, 39, 33, 31, 31, 32), (36, 39, 39, 33, 31, 31, 32, 32), (39, 39, 33, 31, 31, 32, 32, 30), (39, 33, 31, 31, 32, 32, 30, 33), (33, 31, 31, 32, 32, 30, 33, 33)]
['F1 = ', 34, 35, 34, 33, 35, 35, 35, 35, 36, 34, 35, 37, 34, 37, 37, 36, 40, 38, 34, 36, 40, 43, 39, 41, 42, 37, 37, 40, 38, 32, 31, 31, 32]
['F2 = ', 34, 36, 34, 34, 35, 35, 35, 36, 35, 33, 36, 36, 34, 37, 36, 37, 40, 36, 34, 37, 42, 42, 39, 42, 41, 36, 37, 40, 36, 31, 31, 31, 32]
['F3 = ', 35, 35, 33, 34, 35, 35, 35, 36, 35, 33, 37, 35, 35, 37, 36, 38, 40, 35, 34, 38, 43, 41, 39, 42, 39, 36, 38, 40, 34, 31, 31, 32, 32]
===================
linha = [32, 31, 29, 29, 28, 34, 31, 31, 38, 36, 39, 36, 35, 33, 34, 37, 37, 36, 37, 37, 43, 44, 39, 39, 36, 36, 39, 40, 43, 43, 36, 33, 37, 35, 34, 35, 38, 40, 37, 37]
n = 32
[(32, 31, 29, 29, 28, 34, 31, 31), (31, 29, 29, 28, 34, 31, 31, 38), (29, 29, 28, 34, 31, 31, 38, 36), (29, 28, 34, 31, 31, 38, 36, 39), (28, 34, 31, 31, 38, 36, 39, 36), (34, 31, 31, 38, 36, 39, 36, 35), (31, 31, 38, 36, 39, 36, 35, 33), (31, 38, 36, 39, 36, 35, 33, 34), (38, 36, 39, 36, 35, 33, 34, 37), (36, 39, 36, 35, 33, 34, 37, 37), (39, 36, 35, 33, 34, 37, 37, 36), (36, 35, 33, 34, 37, 37, 36, 37), (35, 33, 34, 37, 37, 36, 37, 37), (33, 34, 37, 37, 36, 37, 37, 43), (34, 37, 37, 36, 37, 37, 43, 44), (37, 37, 36, 37, 37, 43, 44, 39), (37, 36, 37, 37, 43, 44, 39, 39), (36, 37, 37, 43, 44, 39, 39, 36), (37, 37, 43, 44, 39, 39, 36, 36), (37, 43, 44, 39, 39, 36, 36, 39), (43, 44, 39, 39, 36, 36, 39, 40), (44, 39, 39, 36, 36, 39, 40, 43), (39, 39, 36, 36, 39, 40, 43, 43), (39, 36, 36, 39, 40, 43, 43, 36), (36, 36, 39, 40, 43, 43, 36, 33), (36, 39, 40, 43, 43, 36, 33, 37), (39, 40, 43, 43, 36, 33, 37, 35), (40, 43, 43, 36, 33, 37, 35, 34), (43, 43, 36, 33, 37, 35, 34, 35), (43, 36, 33, 37, 35, 34, 35, 38), (36, 33, 37, 35, 34, 35, 38, 40), (33, 37, 35, 34, 35, 38, 40, 37), (37, 35, 34, 35, 38, 40, 37, 37)]
['F1 = ', 28, 29, 34, 30, 33, 38, 36, 39, 35, 35, 33, 35, 37, 37, 36, 37, 38, 44, 43, 39, 39, 35, 37, 39, 40, 44, 42, 34, 34, 37, 34, 34, 36]
['F2 = ', 28, 31, 34, 29, 35, 37, 37, 38, 35, 34, 33, 36, 37, 36, 37, 37, 40, 45, 41, 39, 38, 35, 38, 40, 41, 44, 40, 33, 35, 37, 34, 34, 36]
['F3 = ', 27, 33, 32, 30, 37, 36, 38, 37, 35, 33, 33, 36, 37, 36, 37, 37, 41, 45, 40, 39, 37, 35, 38, 40, 42, 44, 38, 33, 36, 36, 34, 35, 37]
===================
linha = [39, 40, 38, 36, 38, 38, 37, 34, 34, 35, 40, 40, 38, 38, 40, 39, 37, 38, 37, 39, 37, 36, 39, 37, 37, 36, 39, 36, 33, 31, 37, 35, 32, 30, 28, 32, 34, 33, 34, 33]
n = 32
[(39, 40, 38, 36, 38, 38, 37, 34), (40, 38, 36, 38, 38, 37, 34, 34), (38, 36, 38, 38, 37, 34, 34, 35), (36, 38, 38, 37, 34, 34, 35, 40), (38, 38, 37, 34, 34, 35, 40, 40), (38, 37, 34, 34, 35, 40, 40, 38), (37, 34, 34, 35, 40, 40, 38, 38), (34, 34, 35, 40, 40, 38, 38, 40), (34, 35, 40, 40, 38, 38, 40, 39), (35, 40, 40, 38, 38, 40, 39, 37), (40, 40, 38, 38, 40, 39, 37, 38), (40, 38, 38, 40, 39, 37, 38, 37), (38, 38, 40, 39, 37, 38, 37, 39), (38, 40, 39, 37, 38, 37, 39, 37), (40, 39, 37, 38, 37, 39, 37, 36), (39, 37, 38, 37, 39, 37, 36, 39), (37, 38, 37, 39, 37, 36, 39, 37), (38, 37, 39, 37, 36, 39, 37, 37), (37, 39, 37, 36, 39, 37, 37, 36), (39, 37, 36, 39, 37, 37, 36, 39), (37, 36, 39, 37, 37, 36, 39, 36), (36, 39, 37, 37, 36, 39, 36, 33), (39, 37, 37, 36, 39, 36, 33, 31), (37, 37, 36, 39, 36, 33, 31, 37), (37, 36, 39, 36, 33, 31, 37, 35), (36, 39, 36, 33, 31, 37, 35, 32), (39, 36, 33, 31, 37, 35, 32, 30), (36, 33, 31, 37, 35, 32, 30, 28), (33, 31, 37, 35, 32, 30, 28, 32), (31, 37, 35, 32, 30, 28, 32, 34), (37, 35, 32, 30, 28, 32, 34, 33), (35, 32, 30, 28, 32, 34, 33, 34), (32, 30, 28, 32, 34, 33, 34, 33)]
['F1 = ', 36, 38, 38, 36, 34, 34, 36, 41, 39, 38, 39, 40, 38, 37, 38, 37, 39, 36, 37, 39, 37, 37, 37, 39, 35, 32, 32, 37, 34, 32, 29, 29, 33]
['F2 = ', 37, 38, 38, 35, 34, 34, 37, 41, 39, 38, 39, 40, 38, 38, 37, 38, 39, 36, 38, 38, 37, 36, 38, 38, 35, 31, 34, 37, 33, 31, 28, 29, 34]
['F3 = ', 38, 38, 37, 35, 34, 34, 39, 40, 38, 38, 40, 40, 37, 38, 37, 39, 38, 36, 39, 38, 37, 36, 39, 37, 34, 31, 36, 36, 32, 31, 28, 31, 34]
===================
linha = [34, 35, 37, 40, 45, 41, 37, 37, 35, 28, 31, 32, 35, 33, 31, 29, 30, 34, 32, 30, 28, 30, 26, 28, 28, 28, 32, 27, 30, 29, 32, 36, 34, 37, 34, 33, 34, 36, 33, 34]
n = 32
[(34, 35, 37, 40, 45, 41, 37, 37), (35, 37, 40, 45, 41, 37, 37, 35), (37, 40, 45, 41, 37, 37, 35, 28), (40, 45, 41, 37, 37, 35, 28, 31), (45, 41, 37, 37, 35, 28, 31, 32), (41, 37, 37, 35, 28, 31, 32, 35), (37, 37, 35, 28, 31, 32, 35, 33), (37, 35, 28, 31, 32, 35, 33, 31), (35, 28, 31, 32, 35, 33, 31, 29), (28, 31, 32, 35, 33, 31, 29, 30), (31, 32, 35, 33, 31, 29, 30, 34), (32, 35, 33, 31, 29, 30, 34, 32), (35, 33, 31, 29, 30, 34, 32, 30), (33, 31, 29, 30, 34, 32, 30, 28), (31, 29, 30, 34, 32, 30, 28, 30), (29, 30, 34, 32, 30, 28, 30, 26), (30, 34, 32, 30, 28, 30, 26, 28), (34, 32, 30, 28, 30, 26, 28, 28), (32, 30, 28, 30, 26, 28, 28, 28), (30, 28, 30, 26, 28, 28, 28, 32), (28, 30, 26, 28, 28, 28, 32, 27), (30, 26, 28, 28, 28, 32, 27, 30), (26, 28, 28, 28, 32, 27, 30, 29), (28, 28, 28, 32, 27, 30, 29, 32), (28, 28, 32, 27, 30, 29, 32, 36), (28, 32, 27, 30, 29, 32, 36, 34), (32, 27, 30, 29, 32, 36, 34, 37), (27, 30, 29, 32, 36, 34, 37, 34), (30, 29, 32, 36, 34, 37, 34, 33), (29, 32, 36, 34, 37, 34, 33, 34), (32, 36, 34, 37, 34, 33, 34, 36), (36, 34, 37, 34, 33, 34, 36, 33), (34, 37, 34, 33, 34, 36, 33, 34)]
['F1 = ', 41, 45, 40, 37, 37, 33, 28, 32, 33, 35, 32, 31, 29, 31, 34, 31, 29, 29, 29, 26, 29, 28, 29, 31, 27, 30, 29, 33, 36, 34, 37, 33, 33]
['F2 = ', 43, 44, 38, 37, 37, 31, 29, 32, 34, 35, 32, 30, 29, 32, 34, 31, 28, 29, 28, 26, 29, 27, 31, 30, 28, 30, 30, 35, 35, 35, 36, 33, 33]
['F3 = ', 44, 43, 38, 37, 36, 29, 30, 32, 35, 34, 31, 29, 29, 33, 33, 31, 28, 30, 27, 27, 28, 27, 32, 28, 29, 29, 31, 36, 34, 36, 35, 33, 33]
===================
linha = [38, 31, 32, 33, 30, 33, 33, 32, 33, 28, 34, 33, 32, 37, 34, 34, 36, 36, 38, 36, 37, 38, 38, 36, 41, 39, 39, 37, 38, 39, 40, 43, 45, 44, 42, 44, 43, 45, 46, 45]
n = 32
[(38, 31, 32, 33, 30, 33, 33, 32), (31, 32, 33, 30, 33, 33, 32, 33), (32, 33, 30, 33, 33, 32, 33, 28), (33, 30, 33, 33, 32, 33, 28, 34), (30, 33, 33, 32, 33, 28, 34, 33), (33, 33, 32, 33, 28, 34, 33, 32), (33, 32, 33, 28, 34, 33, 32, 37), (32, 33, 28, 34, 33, 32, 37, 34), (33, 28, 34, 33, 32, 37, 34, 34), (28, 34, 33, 32, 37, 34, 34, 36), (34, 33, 32, 37, 34, 34, 36, 36), (33, 32, 37, 34, 34, 36, 36, 38), (32, 37, 34, 34, 36, 36, 38, 36), (37, 34, 34, 36, 36, 38, 36, 37), (34, 34, 36, 36, 38, 36, 37, 38), (34, 36, 36, 38, 36, 37, 38, 38), (36, 36, 38, 36, 37, 38, 38, 36), (36, 38, 36, 37, 38, 38, 36, 41), (38, 36, 37, 38, 38, 36, 41, 39), (36, 37, 38, 38, 36, 41, 39, 39), (37, 38, 38, 36, 41, 39, 39, 37), (38, 38, 36, 41, 39, 39, 37, 38), (38, 36, 41, 39, 39, 37, 38, 39), (36, 41, 39, 39, 37, 38, 39, 40), (41, 39, 39, 37, 38, 39, 40, 43), (39, 39, 37, 38, 39, 40, 43, 45), (39, 37, 38, 39, 40, 43, 45, 44), (37, 38, 39, 40, 43, 45, 44, 42), (38, 39, 40, 43, 45, 44, 42, 44), (39, 40, 43, 45, 44, 42, 44, 43), (40, 43, 45, 44, 42, 44, 43, 45), (43, 45, 44, 42, 44, 43, 45, 46), (45, 44, 42, 44, 43, 45, 46, 45)]
['F1 = ', 32, 30, 34, 32, 33, 32, 29, 35, 32, 33, 37, 33, 35, 36, 36, 38, 36, 37, 38, 37, 37, 41, 39, 39, 37, 38, 39, 41, 44, 45, 43, 42, 44]
['F2 = ', 31, 31, 34, 32, 33, 30, 30, 35, 31, 35, 36, 33, 35, 36, 37, 37, 36, 38, 39, 36, 39, 41, 39, 38, 37, 39, 39, 41, 44, 45, 43, 43, 44]
['F3 = ', 30, 32, 33, 32, 34, 28, 32, 34, 31, 36, 35, 33, 36, 36, 38, 36, 37, 38, 39, 36, 40, 40, 39, 37, 38, 39, 40, 42, 45, 45, 42, 44, 43]
===================
linha = [45, 41, 42, 44, 42, 42, 44, 48, 45, 41, 43, 40, 40, 42, 41, 38, 38, 39, 39, 41, 41, 41, 44, 41, 41, 42, 41, 40, 41, 41, 38, 38, 37, 36, 33, 33, 34, 33, 33, 29]
n = 32
[(45, 41, 42, 44, 42, 42, 44, 48), (41, 42, 44, 42, 42, 44, 48, 45), (42, 44, 42, 42, 44, 48, 45, 41), (44, 42, 42, 44, 48, 45, 41, 43), (42, 42, 44, 48, 45, 41, 43, 40), (42, 44, 48, 45, 41, 43, 40, 40), (44, 48, 45, 41, 43, 40, 40, 42), (48, 45, 41, 43, 40, 40, 42, 41), (45, 41, 43, 40, 40, 42, 41, 38), (41, 43, 40, 40, 42, 41, 38, 38), (43, 40, 40, 42, 41, 38, 38, 39), (40, 40, 42, 41, 38, 38, 39, 39), (40, 42, 41, 38, 38, 39, 39, 41), (42, 41, 38, 38, 39, 39, 41, 41), (41, 38, 38, 39, 39, 41, 41, 41), (38, 38, 39, 39, 41, 41, 41, 44), (38, 39, 39, 41, 41, 41, 44, 41), (39, 39, 41, 41, 41, 44, 41, 41), (39, 41, 41, 41, 44, 41, 41, 42), (41, 41, 41, 44, 41, 41, 42, 41), (41, 41, 44, 41, 41, 42, 41, 40), (41, 44, 41, 41, 42, 41, 40, 41), (44, 41, 41, 42, 41, 40, 41, 41), (41, 41, 42, 41, 40, 41, 41, 38), (41, 42, 41, 40, 41, 41, 38, 38), (42, 41, 40, 41, 41, 38, 38, 37), (41, 40, 41, 41, 38, 38, 37, 36), (40, 41, 41, 38, 38, 37, 36, 33), (41, 41, 38, 38, 37, 36, 33, 33), (41, 38, 38, 37, 36, 33, 33, 34), (38, 38, 37, 36, 33, 33, 34, 33), (38, 37, 36, 33, 33, 34, 33, 33), (37, 36, 33, 33, 34, 33, 33, 29)]
['F1 = ', 44, 42, 42, 45, 48, 44, 41, 43, 39, 41, 42, 40, 38, 38, 39, 39, 41, 41, 42, 44, 40, 41, 42, 41, 40, 41, 40, 38, 38, 37, 35, 33, 33]
['F2 = ', 43, 42, 43, 46, 48, 42, 42, 42, 39, 41, 42, 39, 38, 39, 39, 40, 41, 40, 43, 43, 40, 42, 42, 40, 40, 42, 39, 38, 38, 37, 34, 32, 34]
['F3 = ', 43, 42, 43, 47, 46, 41, 43, 41, 40, 42, 42, 39, 38, 39, 39, 41, 41, 41, 44, 42, 41, 42, 41, 40, 41, 41, 39, 38, 37, 36, 34, 33, 34]
===================
linha = [32, 34, 35, 37, 39, 35, 31, 37, 38, 38, 39, 35, 34, 36, 34, 33, 36, 40, 40, 35, 37, 36, 38, 43, 42, 39, 39, 41, 39, 34, 39, 42, 48, 63, 77, 80, 78, 69, 48, 37]
n = 32
[(32, 34, 35, 37, 39, 35, 31, 37), (34, 35, 37, 39, 35, 31, 37, 38), (35, 37, 39, 35, 31, 37, 38, 38), (37, 39, 35, 31, 37, 38, 38, 39), (39, 35, 31, 37, 38, 38, 39, 35), (35, 31, 37, 38, 38, 39, 35, 34), (31, 37, 38, 38, 39, 35, 34, 36), (37, 38, 38, 39, 35, 34, 36, 34), (38, 38, 39, 35, 34, 36, 34, 33), (38, 39, 35, 34, 36, 34, 33, 36), (39, 35, 34, 36, 34, 33, 36, 40), (35, 34, 36, 34, 33, 36, 40, 40), (34, 36, 34, 33, 36, 40, 40, 35), (36, 34, 33, 36, 40, 40, 35, 37), (34, 33, 36, 40, 40, 35, 37, 36), (33, 36, 40, 40, 35, 37, 36, 38), (36, 40, 40, 35, 37, 36, 38, 43), (40, 40, 35, 37, 36, 38, 43, 42), (40, 35, 37, 36, 38, 43, 42, 39), (35, 37, 36, 38, 43, 42, 39, 39), (37, 36, 38, 43, 42, 39, 39, 41), (36, 38, 43, 42, 39, 39, 41, 39), (38, 43, 42, 39, 39, 41, 39, 34), (43, 42, 39, 39, 41, 39, 34, 39), (42, 39, 39, 41, 39, 34, 39, 42), (39, 39, 41, 39, 34, 39, 42, 48), (39, 41, 39, 34, 39, 42, 48, 63), (41, 39, 34, 39, 42, 48, 63, 77), (39, 34, 39, 42, 48, 63, 77, 80), (34, 39, 42, 48, 63, 77, 80, 78), (39, 42, 48, 63, 77, 80, 78, 69), (42, 48, 63, 77, 80, 78, 69, 48), (48, 63, 77, 80, 78, 69, 48, 37)]
['F1 = ', 38, 39, 33, 32, 38, 38, 38, 38, 34, 35, 36, 33, 33, 37, 41, 39, 35, 37, 36, 39, 43, 41, 39, 40, 41, 37, 35, 40, 43, 51, 67, 79, 80]
['F2 = ', 38, 38, 32, 34, 38, 37, 39, 37, 34, 35, 35, 33, 34, 38, 41, 37, 36, 37, 36, 41, 43, 40, 38, 40, 41, 36, 36, 41, 44, 55, 71, 80, 79]
['F3 = ', 39, 37, 31, 35, 38, 38, 39, 36, 34, 36, 35, 33, 35, 39, 41, 36, 36, 36, 37, 42, 43, 40, 39, 41, 40, 34, 37, 42, 46, 59, 75, 80, 79]
===================
linha = [41, 40, 45, 41, 38, 41, 41, 38, 36, 39, 37, 36, 40, 36, 37, 38, 39, 35, 34, 32, 31, 32, 33, 30, 30, 31, 35, 35, 34, 34, 38, 38, 39, 39, 33, 34, 39, 37, 38, 35]
n = 32
[(41, 40, 45, 41, 38, 41, 41, 38), (40, 45, 41, 38, 41, 41, 38, 36), (45, 41, 38, 41, 41, 38, 36, 39), (41, 38, 41, 41, 38, 36, 39, 37), (38, 41, 41, 38, 36, 39, 37, 36), (41, 41, 38, 36, 39, 37, 36, 40), (41, 38, 36, 39, 37, 36, 40, 36), (38, 36, 39, 37, 36, 40, 36, 37), (36, 39, 37, 36, 40, 36, 37, 38), (39, 37, 36, 40, 36, 37, 38, 39), (37, 36, 40, 36, 37, 38, 39, 35), (36, 40, 36, 37, 38, 39, 35, 34), (40, 36, 37, 38, 39, 35, 34, 32), (36, 37, 38, 39, 35, 34, 32, 31), (37, 38, 39, 35, 34, 32, 31, 32), (38, 39, 35, 34, 32, 31, 32, 33), (39, 35, 34, 32, 31, 32, 33, 30), (35, 34, 32, 31, 32, 33, 30, 30), (34, 32, 31, 32, 33, 30, 30, 31), (32, 31, 32, 33, 30, 30, 31, 35), (31, 32, 33, 30, 30, 31, 35, 35), (32, 33, 30, 30, 31, 35, 35, 34), (33, 30, 30, 31, 35, 35, 34, 34), (30, 30, 31, 35, 35, 34, 34, 38), (30, 31, 35, 35, 34, 34, 38, 38), (31, 35, 35, 34, 34, 38, 38, 39), (35, 35, 34, 34, 38, 38, 39, 39), (35, 34, 34, 38, 38, 39, 39, 33), (34, 34, 38, 38, 39, 39, 33, 34), (34, 38, 38, 39, 39, 33, 34, 39), (38, 38, 39, 39, 33, 34, 39, 37), (38, 39, 39, 33, 34, 39, 37, 38), (39, 39, 33, 34, 39, 37, 38, 35)]
['F1 = ', 40, 39, 42, 40, 37, 37, 39, 36, 37, 40, 36, 37, 38, 38, 34, 34, 32, 31, 33, 32, 30, 30, 32, 35, 35, 34, 35, 38, 38, 40, 38, 32, 36]
['F2 = ', 38, 39, 42, 40, 36, 38, 39, 35, 39, 38, 36, 38, 39, 37, 34, 33, 31, 31, 33, 32, 30, 30, 33, 36, 35, 33, 36, 38, 38, 40, 36, 32, 37]
['F3 = ', 38, 40, 41, 39, 36, 38, 38, 35, 40, 37, 36, 38, 39, 36, 34, 33, 31, 32, 33, 31, 30, 30, 34, 35, 34, 33, 37, 38, 38, 40, 34, 33, 38]
===================
linha = [36, 36, 36, 34, 35, 36, 36, 33, 34, 37, 32, 34, 36, 34, 34, 33, 38, 34, 36, 36, 33, 34, 31, 29, 31, 29, 32, 32, 34, 35, 35, 36, 40, 37, 36, 35, 36, 36, 38, 34]
n = 32
[(36, 36, 36, 34, 35, 36, 36, 33), (36, 36, 34, 35, 36, 36, 33, 34), (36, 34, 35, 36, 36, 33, 34, 37), (34, 35, 36, 36, 33, 34, 37, 32), (35, 36, 36, 33, 34, 37, 32, 34), (36, 36, 33, 34, 37, 32, 34, 36), (36, 33, 34, 37, 32, 34, 36, 34), (33, 34, 37, 32, 34, 36, 34, 34), (34, 37, 32, 34, 36, 34, 34, 33), (37, 32, 34, 36, 34, 34, 33, 38), (32, 34, 36, 34, 34, 33, 38, 34), (34, 36, 34, 34, 33, 38, 34, 36), (36, 34, 34, 33, 38, 34, 36, 36), (34, 34, 33, 38, 34, 36, 36, 33), (34, 33, 38, 34, 36, 36, 33, 34), (33, 38, 34, 36, 36, 33, 34, 31), (38, 34, 36, 36, 33, 34, 31, 29), (34, 36, 36, 33, 34, 31, 29, 31), (36, 36, 33, 34, 31, 29, 31, 29), (36, 33, 34, 31, 29, 31, 29, 32), (33, 34, 31, 29, 31, 29, 32, 32), (34, 31, 29, 31, 29, 32, 32, 34), (31, 29, 31, 29, 32, 32, 34, 35), (29, 31, 29, 32, 32, 34, 35, 35), (31, 29, 32, 32, 34, 35, 35, 36), (29, 32, 32, 34, 35, 35, 36, 40), (32, 32, 34, 35, 35, 36, 40, 37), (32, 34, 35, 35, 36, 40, 37, 36), (34, 35, 35, 36, 40, 37, 36, 35), (35, 35, 36, 40, 37, 36, 35, 36), (35, 36, 40, 37, 36, 35, 36, 36), (36, 40, 37, 36, 35, 36, 36, 38), (40, 37, 36, 35, 36, 36, 38, 34)]
['F1 = ', 34, 35, 36, 35, 33, 35, 36, 32, 35, 36, 34, 34, 34, 38, 34, 37, 35, 33, 34, 30, 30, 31, 29, 32, 32, 34, 35, 35, 37, 40, 36, 36, 35]
['F2 = ', 34, 36, 36, 35, 33, 36, 35, 32, 36, 35, 34, 33, 36, 36, 34, 37, 34, 33, 33, 29, 30, 30, 30, 32, 33, 35, 35, 35, 38, 39, 36, 35, 36]
['F3 = ', 35, 36, 36, 34, 33, 37, 33, 33, 36, 34, 34, 32, 37, 35, 35, 37, 33, 34, 32, 29, 31, 29, 31, 32, 33, 35, 35, 35, 40, 38, 36, 35, 36]
===================
linha = [30, 31, 31, 30, 32, 35, 37, 32, 32, 35, 29, 31, 28, 27, 32, 30, 31, 36, 33, 27, 31, 32, 28, 30, 32, 32, 31, 28, 30, 28, 28, 31, 29, 32, 32, 28, 30, 29, 32, 32]
n = 32
[(30, 31, 31, 30, 32, 35, 37, 32), (31, 31, 30, 32, 35, 37, 32, 32), (31, 30, 32, 35, 37, 32, 32, 35), (30, 32, 35, 37, 32, 32, 35, 29), (32, 35, 37, 32, 32, 35, 29, 31), (35, 37, 32, 32, 35, 29, 31, 28), (37, 32, 32, 35, 29, 31, 28, 27), (32, 32, 35, 29, 31, 28, 27, 32), (32, 35, 29, 31, 28, 27, 32, 30), (35, 29, 31, 28, 27, 32, 30, 31), (29, 31, 28, 27, 32, 30, 31, 36), (31, 28, 27, 32, 30, 31, 36, 33), (28, 27, 32, 30, 31, 36, 33, 27), (27, 32, 30, 31, 36, 33, 27, 31), (32, 30, 31, 36, 33, 27, 31, 32), (30, 31, 36, 33, 27, 31, 32, 28), (31, 36, 33, 27, 31, 32, 28, 30), (36, 33, 27, 31, 32, 28, 30, 32), (33, 27, 31, 32, 28, 30, 32, 32), (27, 31, 32, 28, 30, 32, 32, 31), (31, 32, 28, 30, 32, 32, 31, 28), (32, 28, 30, 32, 32, 31, 28, 30), (28, 30, 32, 32, 31, 28, 30, 28), (30, 32, 32, 31, 28, 30, 28, 28), (32, 32, 31, 28, 30, 28, 28, 31), (32, 31, 28, 30, 28, 28, 31, 29), (31, 28, 30, 28, 28, 31, 29, 32), (28, 30, 28, 28, 31, 29, 32, 32), (30, 28, 28, 31, 29, 32, 32, 28), (28, 28, 31, 29, 32, 32, 28, 30), (28, 31, 29, 32, 32, 28, 30, 29), (31, 29, 32, 32, 28, 30, 29, 32), (29, 32, 32, 28, 30, 29, 32, 32)]
['F1 = ', 30, 33, 36, 36, 31, 33, 34, 29, 31, 27, 28, 32, 29, 32, 36, 31, 27, 32, 31, 28, 31, 32, 32, 30, 28, 30, 27, 29, 31, 29, 33, 31, 28]
['F2 = ', 31, 33, 37, 35, 31, 35, 32, 29, 30, 26, 30, 32, 29, 34, 36, 29, 28, 33, 30, 28, 31, 32, 32, 29, 29, 30, 27, 30, 30, 30, 33, 29, 29]
['F3 = ', 31, 34, 37, 33, 31, 35, 30, 30, 29, 26, 31, 31, 30, 35, 35, 28, 30, 33, 29, 29, 32, 32, 32, 28, 30, 29, 27, 31, 29, 31, 33, 28, 30]
===================
linha = [32, 36, 35, 32, 36, 39, 30, 29, 31, 28, 30, 34, 32, 31, 28, 29, 32, 32, 31, 30, 32, 29, 29, 31, 31, 31, 30, 32, 31, 32, 30, 29, 34, 31, 32, 29, 29, 31, 33, 35]
n = 32
[(32, 36, 35, 32, 36, 39, 30, 29), (36, 35, 32, 36, 39, 30, 29, 31), (35, 32, 36, 39, 30, 29, 31, 28), (32, 36, 39, 30, 29, 31, 28, 30), (36, 39, 30, 29, 31, 28, 30, 34), (39, 30, 29, 31, 28, 30, 34, 32), (30, 29, 31, 28, 30, 34, 32, 31), (29, 31, 28, 30, 34, 32, 31, 28), (31, 28, 30, 34, 32, 31, 28, 29), (28, 30, 34, 32, 31, 28, 29, 32), (30, 34, 32, 31, 28, 29, 32, 32), (34, 32, 31, 28, 29, 32, 32, 31), (32, 31, 28, 29, 32, 32, 31, 30), (31, 28, 29, 32, 32, 31, 30, 32), (28, 29, 32, 32, 31, 30, 32, 29), (29, 32, 32, 31, 30, 32, 29, 29), (32, 32, 31, 30, 32, 29, 29, 31), (32, 31, 30, 32, 29, 29, 31, 31), (31, 30, 32, 29, 29, 31, 31, 31), (30, 32, 29, 29, 31, 31, 31, 30), (32, 29, 29, 31, 31, 31, 30, 32), (29, 29, 31, 31, 31, 30, 32, 31), (29, 31, 31, 31, 30, 32, 31, 32), (31, 31, 31, 30, 32, 31, 32, 30), (31, 31, 30, 32, 31, 32, 30, 29), (31, 30, 32, 31, 32, 30, 29, 34), (30, 32, 31, 32, 30, 29, 34, 31), (32, 31, 32, 30, 29, 34, 31, 32), (31, 32, 30, 29, 34, 31, 32, 29), (32, 30, 29, 34, 31, 32, 29, 29), (30, 29, 34, 31, 32, 29, 29, 31), (29, 34, 31, 32, 29, 29, 31, 33), (34, 31, 32, 29, 29, 31, 33, 35)]
['F1 = ', 32, 38, 37, 29, 30, 30, 28, 31, 34, 32, 30, 28, 30, 32, 32, 31, 31, 32, 28, 30, 31, 31, 31, 30, 32, 31, 32, 29, 30, 34, 31, 32, 28]
['F2 = ', 33, 39, 35, 28, 31, 30, 28, 33, 33, 31, 30, 28, 31, 32, 32, 30, 31, 31, 28, 30, 31, 31, 30, 31, 32, 31, 32, 28, 32, 33, 31, 31, 28]
['F3 = ', 34, 40, 32, 28, 31, 29, 29, 34, 33, 31, 29, 28, 31, 32, 31, 30, 32, 30, 29, 31, 31, 31, 30, 32, 31, 32, 31, 28, 33, 32, 32, 30, 29]
===================
