linha = [33, 36, 37, 42, 42, 38, 37, 33, 36, 36, 37, 41]
n = 4
[(33, 36, 37, 42, 42, 38, 37, 33), (36, 37, 42, 42, 38, 37, 33, 36), (37, 42, 42, 38, 37, 33, 36, 36), (42, 42, 38, 37, 33, 36, 36, 37), (42, 38, 37, 33, 36, 36, 37, 41)]
['F1 = ', 43, 41, 38, 36, 33]
['F2 = ', 43, 40, 38, 35, 34]
['F3 = ', 43, 39, 38, 33, 35]
===================
linha = [37, 39, 39, 39, 42, 43, 37, 36, 43, 39, 36, 38]
n = 4
[(37, 39, 39, 39, 42, 43, 37, 36), (39, 39, 39, 42, 43, 37, 36, 43), (39, 39, 42, 43, 37, 36, 43, 39), (39, 42, 43, 37, 36, 43, 39, 36), (42, 43, 37, 36, 43, 39, 36, 38)]
['F1 = ', 39, 43, 42, 36, 38]
['F2 = ', 40, 43, 41, 35, 40]
['F3 = ', 41, 43, 39, 35, 42]
===================
linha = [33, 37, 39, 37, 39, 38, 36, 33, 36, 35, 33, 35]
n = 4
[(33, 37, 39, 37, 39, 38, 36, 33), (37, 39, 37, 39, 38, 36, 33, 36), (39, 37, 39, 38, 36, 33, 36, 35), (37, 39, 38, 36, 33, 36, 35, 33), (39, 38, 36, 33, 36, 35, 33, 35)]
['F1 = ', 37, 39, 38, 35, 33]
['F2 = ', 38, 39, 37, 34, 34]
['F3 = ', 39, 38, 37, 33, 35]
===================
linha = [34, 35, 37, 35, 38, 38, 42, 45, 40, 39, 51, 63]
n = 4
[(34, 35, 37, 35, 38, 38, 42, 45), (35, 37, 35, 38, 38, 42, 45, 40), (37, 35, 38, 38, 42, 45, 40, 39), (35, 38, 38, 42, 45, 40, 39, 51), (38, 38, 42, 45, 40, 39, 51, 63)]
['F1 = ', 35, 38, 38, 43, 44]
['F2 = ', 36, 38, 39, 44, 43]
['F3 = ', 37, 38, 41, 45, 42]
===================
linha = [65, 62, 60, 55, 43, 32, 36, 34, 36, 38, 44, 44]
n = 4
[(65, 62, 60, 55, 43, 32, 36, 34), (62, 60, 55, 43, 32, 36, 34, 36), (60, 55, 43, 32, 36, 34, 36, 38), (55, 43, 32, 36, 34, 36, 38, 44), (43, 32, 36, 34, 36, 38, 44, 44)]
['F1 = ', 53, 39, 32, 36, 34]
['F2 = ', 50, 36, 33, 36, 34]
['F3 = ', 47, 33, 35, 35, 35]
===================
linha = [37, 39, 37, 35, 38, 34, 33, 31, 32, 35, 34, 33]
n = 4
[(37, 39, 37, 35, 38, 34, 33, 31), (39, 37, 35, 38, 34, 33, 31, 32), (37, 35, 38, 34, 33, 31, 32, 35), (35, 38, 34, 33, 31, 32, 35, 34), (38, 34, 33, 31, 32, 35, 34, 33)]
['F1 = ', 36, 38, 33, 33, 31]
['F2 = ', 37, 36, 33, 32, 31]
['F3 = ', 38, 35, 33, 31, 31]
===================
linha = [32, 36, 41, 54, 70, 67, 50, 41, 42, 42, 42, 38]
n = 4
[(32, 36, 41, 54, 70, 67, 50, 41), (36, 41, 54, 70, 67, 50, 41, 42), (41, 54, 70, 67, 50, 41, 42, 42), (54, 70, 67, 50, 41, 42, 42, 42), (70, 67, 50, 41, 42, 42, 42, 38)]
['F1 = ', 58, 72, 63, 47, 41]
['F2 = ', 63, 72, 59, 44, 41]
['F3 = ', 67, 70, 54, 42, 42]
===================
linha = [38, 42, 39, 38, 40, 42, 52, 75, 86, 61, 41, 38]
n = 4
[(38, 42, 39, 38, 40, 42, 52, 75), (42, 39, 38, 40, 42, 52, 75, 86), (39, 38, 40, 42, 52, 75, 86, 61), (38, 40, 42, 52, 75, 86, 61, 41), (40, 42, 52, 75, 86, 61, 41, 38)]
['F1 = ', 39, 40, 43, 57, 81]
['F2 = ', 39, 41, 45, 62, 85]
['F3 = ', 39, 42, 48, 69, 87]
===================
linha = [38, 40, 43, 62, 75, 81, 75, 73, 96, 173, 232, 224]
n = 4
[(38, 40, 43, 62, 75, 81, 75, 73), (40, 43, 62, 75, 81, 75, 73, 96), (43, 62, 75, 81, 75, 73, 96, 173), (62, 75, 81, 75, 73, 96, 173, 232), (75, 81, 75, 73, 96, 173, 232, 224)]
['F1 = ', 66, 77, 81, 74, 74]
['F2 = ', 70, 79, 79, 73, 78]
['F3 = ', 73, 81, 76, 73, 86]
===================
linha = [139, 149, 80, 43, 73, 18, 60, 23, 49, 45, 64, 93]
n = 4
[(139, 149, 80, 43, 73, 18, 60, 23), (149, 80, 43, 73, 18, 60, 23, 49), (80, 43, 73, 18, 60, 23, 49, 45), (43, 73, 18, 60, 23, 49, 45, 64), (73, 18, 60, 23, 49, 45, 64, 93)]
['F1 = ', 53, 63, 21, 58, 22]
['F2 = ', 66, 43, 36, 46, 29]
['F3 = ', 74, 25, 53, 31, 42]
===================
linha = [172, 233, 149, 67, 91, 45, 57, 75, 95, 90, 51, 55]
n = 4
[(172, 233, 149, 67, 91, 45, 57, 75), (233, 149, 67, 91, 45, 57, 75, 95), (149, 67, 91, 45, 57, 75, 95, 90), (67, 91, 45, 57, 75, 95, 90, 51), (91, 45, 57, 75, 95, 90, 51, 55)]
['F1 = ', 71, 86, 39, 63, 79]
['F2 = ', 80, 73, 42, 68, 85]
['F3 = ', 88, 56, 50, 71, 91]
===================
linha = [40, 44, 42, 44, 46, 41, 39, 34, 38, 43, 42, 41]
n = 4
[(40, 44, 42, 44, 46, 41, 39, 34), (44, 42, 44, 46, 41, 39, 34, 38), (42, 44, 46, 41, 39, 34, 38, 43), (44, 46, 41, 39, 34, 38, 43, 42), (46, 41, 39, 34, 38, 43, 42, 41)]
['F1 = ', 45, 45, 40, 38, 34]
['F2 = ', 46, 44, 40, 36, 35]
['F3 = ', 46, 42, 40, 35, 36]
===================
